 KLGA    NBM V5.0 NBS GUIDANCE    7/11/2026  0100 UTC
 DT /JUL  11            /JUL  12                /JUL  13                / 
 UTC  06 09 12 15 18 21 00 03 06 09 12 15 18 21 00 03 06 09 12 15 18 21 00 
 FHR  05 08 11 14 17 20 23 26 29 32 35 38 41 44 47 50 53 56 59 62 65 68 71 
 TXN                    82          69          85          68          86
 XND                     3           2           2           2           2
 TMP  75 74 75 76 78 78 76 73 71 69 72 78 82 82 77 73 70 68 72 79 83 83 78
 TSD   2  2  2  3  4  4  3  2  2  2  2  2  2  2  2  2  2  2  2  2  2  3  3
 DPT  69 68 66 65 64 63 63 63 62 61 60 59 57 56 58 61 62 61 61 59 58 59 59
 DSD   2  3  3  4  4  4  4  4  4  3  3  4  3  3  3  3  3  3  3  3  2  3  3
 WBG  72 71 71 72 73 73 70 68 67 66 68 74 76 73 70 68 67 65 68 74 78 74 71
 SKY  70 63 81 82 87 73 78 33 26 12  2  4 23 26 23 24 24 27 19 13 23 20 18
 SSD  25 19 26 17 11 28 20 40 32 14  2  5 16 17 21 26 21 25 27 17 15 22 29
 WDR  34  4  5  5  5  7  8  6  3  2  3  4  8 16 17 17 20 23 24 23 19 18 19
 WSP   4  7  8  9  9  8  7  5  5  7  8  7  5  7  9  7  4  1  0  5  9 12 12
 WSD   2  3  2  2  2  3  3  3  3  2  1  2  3  4  2  2  2  3  3  2  2  2  2
 GST   5  8  9 11 12 10  7  5  5  8  9  7  7  8 10  8  4  3  2  6 12 17 15
 GSD   2  3  3  3  4  3  3  3  3  3  2  2  3  3  3  2  2  2  2  2  2  3  3
 P06         6    62    50     4     0     0     0     0     0     0     0
 P12                    68           4           1           0           0
 Q06         1    32     8     1     0     0     0     0     0     0     0
 Q12                    40           1           0           0           0
 DUR                     5           0           0           0           0
 T03   3  2  2  6 11 15 12  4  1  0  0  0  0  0  0  0  0  0  0  0  0  0  2
 T06         5    19    27     6     1     1     2     2     1     1     4
 T12                    29           6           2           2           4
 PZR   0  0  0  0  0  0  0  0  0  0  0  0  0  0  0  0  0  0  0  0  0  0  0
 PSN   0  0  0  0  0  0  0  0  0  0  0  0  0  0  0  0  0  0  0  0  0  0  0
 PPL   0  0  0  0  0  0  0  0  0  0  0  0  0  0  0  0  0  0  0  0  0  0  0
 PRA   3 13  5 14 50 11  3  0  0  0  0  0  0  0  0  0  0  0  0  0  0  0  0
 S06         0     0     0     0     0     0     0     0     0     0     0
 SLV 120120120120120120110100100 97 87 83 85 88 85 86 85 89 89 90 93 96100
 I06         0     0     0     0     0     0     0     0     0     0     0
 CIG 250130110 70 60 70 90-88-88-88-88-88-88-88-88-88-88-88-88-88-88-88-88
 IFC   3  0  0  0  5  1  3  3  0  1  1  0  0  0  1  0  0  0  0  0  0  0  1
 LCB 150 80 80 60 50 60100 80 70 50 50 15 31 40 70 60 50110 70 50 70 60 60
 VIS 100100100100100100100100100100100100100100100100100100100100100100100
 IFV   3  2  0  0  0  0  0  0  0  0  0  0  0  0  0  0  0  0  1  0  0  0  0
 MHT   4  5 14 22 28 31  9  6  4  4 11 42 59 55 14  7  5  4 10 42 65 35 13
 TWD  34  7  8  8  7  7  8  7  5  4  5  5  5 15 18 18 20 24 25 25 23 20 20
 TWS   4  7  9  9 11 10  7  6  7  8  9  8  6  8  9  7  6  5  5  7 10 13 13
 SOL   0  0 22 35 41 34 10  0  0  0 29 80 88 56 19  0  0  0  6 62 78 78 53
                                                                          
