 KLGA    NBM V5.0 NBS GUIDANCE    7/11/2026  1900 UTC
 DT   /JUL  12                /JUL  13                /JUL  14            
 UTC  00 03 06 09 12 15 18 21 00 03 06 09 12 15 18 21 00 03 06 09 12 15 18 
 FHR  05 08 11 14 17 20 23 26 29 32 35 38 41 44 47 50 53 56 59 62 65 68 71 
 TXN              69          85          69          86          72      
 XND               2           2           2           2           2      
 TMP  77 73 71 70 73 78 82 81 76 73 71 69 73 79 83 82 78 75 73 72 75 83 89
 TSD   2  2  2  2  1  2  2  2  2  1  2  2  1  2  2  2  2  2  2  2  2  2  2
 DPT  65 65 64 63 63 60 59 56 58 61 62 62 62 60 59 59 61 61 61 61 63 64 64
 DSD   3  3  2  3  3  4  4  4  3  2  2  3  3  3  2  2  3  3  3  4  4  4  3
 WBG  72 69 68 67 69 74 76 72 70 68 66 66 70 75 77 74 72 69 68 66 71 79 82
 SKY  77 37 33 14 11  6 31 13  6  4 10 11 12  2 10 23 17  5  3  1  2  4  6
 SSD  25 34 31 18 17  7 28 20  8  5 10  8 28  5  5 30 25  6  5  2  6  8  5
 WDR  12  7  5  4  5  6 14 17 18 17 19 23 23 22 20 18 19 21 23 24 25 25 24
 WSP   6  4  5  6  6  5  6  9  9  7  4  0  0  6 10 13 12 10 10  9  9  9 12
 WSD   2  2  3  3  2  2  3  3  1  2  2  2  2  2  2  2  2  2  2  2  2  2  2
 GST   6  5  5  6  7  6  7 11 10  7  5  3  3  7 13 17 16 13 12 11 10 13 17
 GSD   3  2  2  2  2  2  3  3  2  2  2  2  2  3  3  3  3  3  3  3  3  3  3
 P06         3     1     0     1     1     0     0     0     0     0     0
 P12               3           1           1           0           0      
 Q06         0     0     0     0     0     0     0     0     0     0     0
 Q12               0           0           0           0           0      
 DUR               0           0           0           0           0      
 T03  15  9  3  2  1  0  1  2  1  1  0  0  0  0  0  1  3  3  1  1  0  0  1
 T06        14     2     3     8     4     0     0     5     5     1     2
 T12              14           9           4           5           5      
 PZR   0  0  0  0  0  0  0  0  0  0  0  0  0  0  0  0  0  0  0  0  0  0  0
 PSN   0  0  0  0  0  0  0  0  0  0  0  0  0  0  0  0  0  0  0  0  0  0  0
 PPL   0  0  0  0  0  0  0  0  0  0  0  0  0  0  0  0  0  0  0  0  0  0  0
 PRA   3  0  0  0  0  0  0  0  0  0  0  0  0  0  0  0  0  0  0  0  0  0  0
 S06         0     0     0     0     0     0     0     0     0     0     0
 SLV 110110110110100 99 97 96 94 97 99 98 98100 98100100110110110120120130
 I06         0     0     0     0     0     0     0     0     0     0     0
 CIG 110-88-88-88-88-88-88-88-88-88-88-88-88-88-88-88-88-88-88-88-88-88-88
 IFC   0  0  2  0  0  0  0  0  0  0  0  0  0  1  0  0  1  0  0  0  0  0  0
 LCB 100140 90 90 60 70 70 90 70 80 60 44 45 42 60 60 60100 90 80170200250
 VIS 100100100100100100100100100100100100100100100100100100100100100100100
 IFV   0  0  1  0  0  0  0  0  0  0  0  0  0  0  0  0  0  0  0  0  0  0  0
 MHT  10  5  4  5  8 34 62 35 11  6  5  3 11 39 57 36 13 11 10  9 13 37 58
 TWD  11  9  7  6  6  8 12 18 18 19 20 23 24 24 24 20 19 22 24 26 27 26 27
 TWS   7  4  5  6  7  5  6  9 10  7  6  4  5  8 10 14 12 11 10 10 10 12 14
 SOL   8  0  0  0 25 76 83 49 10  0  0  0 20 68 84 62 24  0  0  0  6 61 76
                                                                          
