 KLGA    NBM V5.0 NBS GUIDANCE    7/10/2026  0700 UTC
 DT /JUL  10      /JUL  11                /JUL  12                /JUL  13
 UTC  12 15 18 21 00 03 06 09 12 15 18 21 00 03 06 09 12 15 18 21 00 03 06 
 FHR  05 08 11 14 17 20 23 26 29 32 35 38 41 44 47 50 53 56 59 62 65 68 71 
 TXN              89          73          84          70          86      
 XND               2           2           3           2           2      
 TMP  77 82 85 84 81 78 76 74 74 77 80 81 78 74 72 70 72 78 82 82 78 74 72
 TSD   1  2  2  4  3  2  2  2  2  3  3  3  2  2  2  2  2  2  2  2  2  2  2
 DPT  70 68 68 68 70 70 69 67 64 62 62 61 62 62 61 60 59 58 57 56 59 61 61
 DSD   2  2  2  2  2  3  3  5  6  5  6  5  5  5  5  5  5  4  4  3  3  3  3
 WBG  74 78 79 78 75 74 72 70 70 72 76 74 71 69 67 66 67 73 76 73 71 68 66
 SKY  26 64 75 83 78 38 48 43 79 91 47 42 25 27 20 12  2  1  9  8 13 16 15
 SSD  26 31 26 14 20 34 33 35 23 10 26 34 37 34 31 16  4  1  6  6 11 13 11
 WDR  32 31 30 28 28 32  3  2  5  5  5  5 15  5  1  1  2  4  5 12 15 17 19
 WSP   7  8  8  8  7  5  5  8  9  9  8  7  5  4  5  8  8  7  6  6  8  7  5
 WSD   1  2  2  2  2  2  2  3  2  2  2  3  3  3  3  2  2  2  2  3  2  1  2
 GST   9 10 11 11  7  5  6  9 10 11 10 10  5  4  5  9  8  9  7  8  9  7  5
 GSD   3  2  3  3  3  2  3  3  3  3  3  3  3  3  3  3  3  2  2  3  3  2  2
 P06         7    44    36    10     9    23     3     0     0     1     0
 P12              44          39          25           3           1      
 Q06         0     4     5     0     0     0     0     0     0     0     0
 Q12               4           5           0           0           0      
 DUR               2           4           0           0           0      
 T03   1  0  2 17 22 14  5  3  2  1  3  7  8  4  2  1  0  0  0  1  0  0  0
 T06         2    30    19     4     5    15     9     2     1     4     2
 T12              30          19          15           9           4      
 PZR   0  0  0  0  0  0  0  0  0  0  0  0  0  0  0  0  0  0  0  0  0  0  0
 PSN   0  0  0  0  0  0  0  0  0  0  0  0  0  0  0  0  0  0  0  0  0  0  0
 PPL   0  0  0  0  0  0  0  0  0  0  0  0  0  0  0  0  0  0  0  0  0  0  0
 PRA   0  2  8  8 26 14 25  2  2  6  2  9  1  0  0  0  0  0  0  0  0  0  0
 S06         0     0     0     0     0     0     0     0     0     0     0
 SLV 120120130120120120120120120110110100100 96 91 86 83 85 89 91 90 89 89
 I06         0     0     0     0     0     0     0     0     0     0     0
 CIG -88260 70 80110-88-88-88210 90-88-88-88-88-88-88-88-88-88-88-88-88-88
 IFC   8  4  1  1  2  2  2  3  0  0  0  2  2  1  0  1  0  0  0  0  1  0  0
 LCB 220190 70 70 90 80 90 70120 70 90 38 90 41120 80 80 80 70 70160150 70
 VIS 100100100100100100100100100100100100100100100100100100100100100100100
 IFV   0  0  0  0  1  1  4  3  0  0  0  0  0  0  0  0  0  0  0  0  0  0  0
 MHT  13 36 53 43  6  5  5  6 14 22 34 48  9  8  7  5 14 41 64 62 14  9  6
 TWD  34 32 29 28 27 31  1  3  6  7  6  4  8  9  4  2  4  3  2  4 16 18 20
 TWS  10 10 12 10  7  5  6  8 11 11  9  8  5  5  5  8  8 10  9  8  8  8  6
 SOL  30 73 69 40  8  0  0  0 14 34 60 34 12  0  0  0 22 63 78 78 53  0  0
                                                                          
