 KLGA    NBM V5.0 NBS GUIDANCE    7/12/2026  1900 UTC
 DT   /JUL  13                /JUL  14                /JUL  15            
 UTC  00 03 06 09 12 15 18 21 00 03 06 09 12 15 18 21 00 03 06 09 12 15 18 
 FHR  05 08 11 14 17 20 23 26 29 32 35 38 41 44 47 50 53 56 59 62 65 68 71 
 TXN              69          86          72          95          79      
 XND               2           2           2           2           2      
 TMP  76 73 71 69 73 79 83 82 78 76 74 72 75 83 90 92 89 85 82 80 82 90 95
 TSD   1  1  2  2  2  2  2  2  2  2  2  2  2  2  2  2  2  2  2  2  2  2  2
 DPT  58 61 61 61 61 58 58 58 59 60 58 59 60 62 63 64 64 65 64 65 66 66 64
 DSD   2  2  2  2  2  3  2  2  2  2  2  2  2  2  3  3  3  4  5  5  4  3  4
 WBG  69 67 66 65 69 73 77 74 71 69 68 66 70 78 82 81 79 75 74 73 75 82 86
 SKY  14 10 23 18 24 27 20  2  3  3  5  4  8  6 24  3 10 12 14  7  5  7 19
 SSD  14 11 29 26 29 26 16  3  6  5  5  3 21  6 26  4 14 19 14  9  8  8 12
 WDR  17 18 19 21 23 22 20 18 19 21 23 24 24 24 24 25 25 24 25 25 26 27 28
 WSP  10  7  5  4  3  7 10 13 11 10 10  9  9 10 13 15 14 14 13 11 11 11 13
 WSD   1  1  2  2  3  2  2  2  1  1  1  1  2  2  2  2  2  2  1  1  1  2  2
 GST  12  8  5  4  4  8 13 18 16 14 13 13 11 14 19 22 22 22 19 17 15 16 20
 GSD   2  2  2  2  2  2  3  3  3  3  2  3  3  3  3  3  3  3  3  3  3  3  4
 P06         0     0     0     2     2     0     0     0     0     0     0
 P12               0           0           2           0           0      
 Q06         0     0     0     0     0     0     0     0     0     0     0
 Q12               0           0           0           0           0      
 DUR               0           0           0           0           0      
 T03   0  0  0  0  0  0  0  1  3  3  1  1  0  0  1  5  7  6  3  2  1  2  3
 T06         2     0     0     4     4     1     1     7     8     3     5
 T12               2           4           4           7           8      
 PZR   0  0  0  0  0  0  0  0  0  0  0  0  0  0  0  0  0  0  0  0  0  0  0
 PSN   0  0  0  0  0  0  0  0  0  0  0  0  0  0  0  0  0  0  0  0  0  0  0
 PPL   0  0  0  0  0  0  0  0  0  0  0  0  0  0  0  0  0  0  0  0  0  0  0
 PRA   0  0  0  0  0  0  0  0  0  0  0  0  0  0  0  0  0  0  0  0  0  0  1
 S06         0     0     0     0     0     0     0     0     0     0     0
 SLV  90 93 95 98100 98 98 99100120120120110130130130130120120120120120130
 I06         0     0     0     0     0     0     0     0     0     0     0
 CIG -88-88-88-88-88-88-88-88-88-88-88-88-88-88-88-88-88-88-88-88-88-88-88
 IFC   0  0  0  0  0  0  0  0  0  0  0  0  0  0  2  0  0  0  0  0  0  0  0
 LCB  80 60 50 70 70 60 60220130 90 70 70 90120240120270280280-88-88230220
 VIS 100100100100100100100100100100100100100100100100100100100100100100100
 IFV   0  0  0  0  0  0  0  0  0  0  0  0  0  0  0  0  0  0  0  0  0  0  0
 MHT  10  5  4  4 11 36 59 34 11  7  6  8 13 29 56 53 20 14 10  8 15 37 77
 TWD  18 19 21 21 24 23 21 19 19 21 24 26 26 26 26 27 25 25 26 25 28 29 29
 TWS  10  7  5  4  6  8 10 15 13 12 11 11 13 12 16 18 16 14 13 11 12 14 18
 SOL  11  0  0  0 27 75 87 59 14  0  0  0 28 75 86 65 26  0  0  0  6 62 76
                                                                          
