 KLGA    NBM V5.0 NBS GUIDANCE    7/10/2026  1300 UTC
 DT /JUL  10/JUL  11                /JUL  12                /JUL  13      
 UTC  18 21 00 03 06 09 12 15 18 21 00 03 06 09 12 15 18 21 00 03 06 09 12 
 FHR  05 08 11 14 17 20 23 26 29 32 35 38 41 44 47 50 53 56 59 62 65 68 71 
 TXN                    73          84          69          86          69
 XND                     2           3           2           2           2
 TMP  84 83 80 77 75 73 74 77 80 81 78 74 72 70 72 78 82 83 78 73 71 69 73
 TSD   3  4  3  2  2  2  2  3  3  3  2  2  2  2  2  2  2  2  2  2  2  2  1
 DPT  68 68 70 70 69 67 64 63 63 62 62 63 62 61 59 58 57 56 59 61 61 61 62
 DSD   2  2  2  2  2  4  5  5  5  5  5  5  5  6  5  5  5  4  3  3  3  3  3
 WBG  79 77 75 74 72 70 70 72 75 74 72 69 68 66 68 74 76 73 71 68 66 65 69
 SKY  83 87 70 25 58 60 78 92 66 53 35 23 30  4  0  1  8  9 17 25 17 23 12
 SSD  29 11 28 30 30 27 24  8 15 33 41 33 28  4  0  1  5  9 26 25 24 28 10
 WDR  30 28 26 34  1  2  5  5  5  8 14  9  3  1  2  4  6 13 16 18 20 22 23
 WSP   8  9  7  5  5  8  9  9  8  7  5  4  3  7  8  6  6  6  9  7  4  2  0
 WSD   2  2  2  2  2  3  2  2  2  3  3  3  3  3  2  2  2  3  2  1  2  2  2
 GST  10 12  7  6  6  9 10 12 10  9  5  4  3  8  8  8  7  8 10  8  5  3  3
 GSD   3  3  3  2  2  3  3  3  3  3  3  3  3  3  3  2  2  3  3  2  2  2  2
 P06        27    22     8    24    14     4     0     0     0     0     0
 P12                    28          37           4           0           0
 Q06         2     0     0     3     0     0     0     0     0     0     0
 Q12                     0           3           0           0           0
 DUR                     1           2           0           0           0
 T03   2 17 20 11  4  2  1  2  4  7  8  4  2  1  0  0  0  1  0  0  0  0  0
 T06        30    14     2     6    13     9     2     1     4     2     0
 T12                    14          14           9           4           2
 PZR   0  0  0  0  0  0  0  0  0  0  0  0  0  0  0  0  0  0  0  0  0  0  0
 PSN   0  0  0  0  0  0  0  0  0  0  0  0  0  0  0  0  0  0  0  0  0  0  0
 PPL   0  0  0  0  0  0  0  0  0  0  0  0  0  0  0  0  0  0  0  0  0  0  0
 PRA  12 17 22 33 15  5  5  6 13  9  5  0  0  0  0  0  0  0  0  0  0  0  0
 S06         0     0     0     0     0     0     0     0     0     0     0
 SLV 130130120120120120120110110100100 98 92 86 83 83 85 91 90 90 89 89 89
 I06         0     0     0     0     0     0     0     0     0     0     0
 CIG 200 70130-88180230110 60 70-88-88-88-88-88-88-88-88-88-88-88-88-88-88
 IFC   0  0  1  0  2  0  0  1  1  0  0  0  0  2  2  0  0  0  2  0  0  2  0
 LCB 130 60 70 80120140 70 50 70 80 90 39 41 29 80-88 60 70 80 80 70 80 50
 VIS 100100100100100100100100100100100100100100100100100100100100100100100
 IFV   0  0  2  0  5  0  0  0  0  0  0  0  0  0  0  0  0  0  0  0  0  0  1
 MHT  52 39  8  4  5  7 14 21 36 46  8  6  4  5 13 38 65 60 15  9  6  4 11
 TWD  29 28 27 29  1  3  6  8  7  7 10  8  5  1  3  3  3  4 17 18 20 23 25
 TWS  10 11  7  6  6  8 11  9  9  7  5  4  5  7  9  8  8  9  9  8  6  5  7
 SOL  71 25  6  0  0  0 13 26 50 31  6  0  0  0 27 75 86 78 52  0  0  0  6
                                                                          
