 KLGA    NBM V5.0 NBS GUIDANCE    7/13/2026  0700 UTC
 DT /JUL  13      /JUL  14                /JUL  15                /JUL  16
 UTC  12 15 18 21 00 03 06 09 12 15 18 21 00 03 06 09 12 15 18 21 00 03 06 
 FHR  05 08 11 14 17 20 23 26 29 32 35 38 41 44 47 50 53 56 59 62 65 68 71 
 TXN              86          72          95          81         100      
 XND               2           2           2           2           2      
 TMP  73 79 83 82 78 76 74 72 75 83 90 93 90 86 83 81 83 90 95 96 90 84 81
 TSD   1  1  1  1  2  1  1  2  1  2  2  2  2  2  2  2  2  2  2  2  3  3  2
 DPT  60 58 59 59 59 59 58 59 60 63 64 65 65 66 67 67 67 67 64 61 59 58 58
 DSD   2  2  2  2  2  2  2  2  2  2  2  2  2  2  2  2  2  2  3  6  7  6  6
 WBG  69 74 77 74 71 69 67 66 70 78 83 82 80 77 75 75 77 82 86 82 78 73 71
 SKY  15  8 19 28 11  1  2 11  9  7  6  4 23 17  9  8  3 11 25 38 53 55 53
 SSD  26  7 16 31 23  2  1 24 23  9  5  4 30 28 12  9  6 20 20 22 18 25 24
 WDR  23 23 21 18 19 22 23 24 24 24 24 25 25 24 25 25 26 28 29 29 32 34 33
 WSP   4  7 10 13 12 11 10 10 10 11 13 16 15 14 12 11 10 11 14 15 15 12  8
 WSD   2  1  2  2  1  1  1  1  1  2  2  2  2  2  1  1  1  1  2  3  3  3  3
 GST   5  9 13 19 17 15 14 13 13 15 20 23 23 22 18 16 14 17 22 24 21 15  9
 GSD   2  2  2  3  3  2  2  3  3  3  3  3  4  3  3  3  3  3  3  5  7  5  4
 P06         0     1     2     1     1     0     0     0     0    12    11
 P12               0           2           1           0          11      
 Q06         0     0     0     0     0     0     0     0     0     0     0
 Q12               0           0           0           0           0      
 DUR               0           0           0           0           0      
 T03   0  0  0  1  2  2  1  1  0  0  1  4  6  6  3  2  1  1  4 13 16 14 10
 T06         0     3     4     1     1     7     7     3     6    24    24
 T12               3           4           7           7          24      
 PZR   0  0  0  0  0  0  0  0  0  0  0  0  0  0  0  0  0  0  0  0  0  0  0
 PSN   0  0  0  0  0  0  0  0  0  0  0  0  0  0  0  0  0  0  0  0  0  0  0
 PPL   0  0  0  0  0  0  0  0  0  0  0  0  0  0  0  0  0  0  0  0  0  0  0
 PRA   0  0  0  0  0  0  0  0  0  0  0  0  0  0  0  0  0  0 10 11 14  5  5
 S06         0     0     0     0     0     0     0     0     0     0     0
 SLV 100100110110110120120120120130120120120120120120120120120120120110120
 I06         0     0     0     0     0     0     0     0     0     0     0
 CIG -88-88-88-88-88-88-88-88-88-88-88-88-88-88-88-88-88-88-88-88-88-88-88
 IFC   0  0  0  0  0  0  0  0  0  0  0  2  2  0  0  0  0  1  2  2  3  2  3
 LCB  70 70 90130210150 80 70140270240150170110-88-88-88280160 70 70 50 80
 VIS 100100100100100100100100100100100100100100100100100100100100100100100
 IFV   0  0  0  0  0  0  0  0  0  0  0  0  2  0  0  0  0  0  0  0  1  0  0
 MHT  12 40 65 35 11  8  5  6 13 28 55 54 25 13 10  5 18 44 76 87 39 24 12
 TWD  23 24 24 19 19 22 23 26 26 26 26 27 25 25 26 26 27 30 30 30 33 35 35
 TWS   7  9 10 15 13 13 12 11 12 13 16 19 17 14 12 11 13 13 15 17 15 12  8
 SOL  27 78 86 56 12  0  0  0 22 77 88 60 15  0  0  0 21 59 73 74 49  0  0
                                                                          
