 KLGA    NBM V5.0 NBS GUIDANCE    7/13/2026  0100 UTC
 DT /JUL  13            /JUL  14                /JUL  15                / 
 UTC  06 09 12 15 18 21 00 03 06 09 12 15 18 21 00 03 06 09 12 15 18 21 00 
 FHR  05 08 11 14 17 20 23 26 29 32 35 38 41 44 47 50 53 56 59 62 65 68 71 
 TXN                    87          72          95          81         100
 XND                     2           2           2           2           2
 TMP  71 70 73 79 83 82 78 76 74 72 75 83 90 93 90 86 83 81 83 90 95 96 90
 TSD   2  2  1  2  2  2  2  1  1  1  1  2  2  2  2  2  2  2  2  2  2  3  3
 DPT  61 60 60 58 58 58 59 59 58 59 60 63 64 65 66 67 67 68 68 67 64 60 59
 DSD   3  3  2  3  2  2  2  2  2  2  2  2  2  2  3  2  3  2  2  2  4  6  7
 WBG  66 65 69 74 77 74 71 69 68 66 70 78 83 82 80 77 75 74 78 82 86 82 78
 SKY  11 24 22 24 32 15  7  3  4  3 10 21 18  5 12 12 13  8  5 10 22 32 58
 SSD  16 30 27 28 30 21 10  4  5  4 19 37 16  6 11 17 16  9  8 11 11 26 23
 WDR  19 21 23 23 20 18 19 21 23 24 24 24 24 24 25 24 25 25 26 29 29 30 32
 WSP   5  4  4  7 10 13 12 11 10 10 10 10 13 16 15 14 12 11 10 11 14 16 15
 WSD   2  2  2  1  1  1  1  1  1  1  1  2  2  2  2  2  1  1  1  2  2  3  3
 GST   6  4  4  8 13 18 17 15 13 13 12 14 19 23 23 22 18 16 14 16 21 24 23
 GSD   2  2  2  2  2  3  3  2  2  3  3  3  3  3  3  3  3  3  3  3  4  5  7
 P06         0     0     2     2     1     0     0     0     0     0     8
 P12                     0           2           1           0           8
 Q06         0     0     0     0     0     0     0     0     0     0     0
 Q12                     0           0           0           0           0
 DUR                     0           0           0           0           0
 T03   0  0  0  0  0  1  2  2  1  1  0  0  1  4  7  6  3  3  1  2  3  9 11
 T06         0     0     3     4     1     1     7     8     4     5    14
 T12                     3           4           7           8          14
 PZR   0  0  0  0  0  0  0  0  0  0  0  0  0  0  0  0  0  0  0  0  0  0  0
 PSN   0  0  0  0  0  0  0  0  0  0  0  0  0  0  0  0  0  0  0  0  0  0  0
 PPL   0  0  0  0  0  0  0  0  0  0  0  0  0  0  0  0  0  0  0  0  0  0  0
 PRA   0  0  0  0  0  0  0  0  0  0  0  0  0  0  0  0  0  0  0  0  0 16 20
 S06         0     0     0     0     0     0     0     0     0     0     0
 SLV  95 98 99100100100110120120120120120130130120120120120120120120120120
 I06         0     0     0     0     0     0     0     0     0     0     0
 CIG -88-88-88-88-88-88-88-88-88-88-88-88-88-88-88-88-88-88-88-88-88-88-88
 IFC   0  0  0  0  1  0  2  0  0  0  0  0  0  2  0  0  0  0  0  0  1  0  2
 LCB  60 60 60 70 70150180 90 90 80240160160140280270280-88-88280250180 90
 VIS 100100100100100100100100100100100100100100100100100100100100100100100
 IFV   0  0  0  0  0  0  0  0  0  0  0  0  0  1  0  0  0  0  0  0  0  0  0
 MHT   4  4 12 36 61 35 11  8  7  7 13 26 53 52 21 13  9  6 17 46 77 88 35
 TWD  20 22 23 23 22 19 19 21 24 26 26 26 26 26 25 25 26 26 29 30 30 30 33
 TWS   5  5  7  8 10 15 14 12 12 11 13 12 15 18 17 14 12 11 13 15 18 18 15
 SOL   0  0 28 77 88 59 13  0  0  0 26 78 88 62 19  0  0  0  6 62 74 67 42
                                                                          
