 KLGA    NBM V5.0 NBS GUIDANCE    7/12/2026  0100 UTC
 DT /JUL  12            /JUL  13                /JUL  14                / 
 UTC  06 09 12 15 18 21 00 03 06 09 12 15 18 21 00 03 06 09 12 15 18 21 00 
 FHR  05 08 11 14 17 20 23 26 29 32 35 38 41 44 47 50 53 56 59 62 65 68 71 
 TXN                    85          69          86          71          93
 XND                     2           2           2           2           3
 TMP  71 70 73 78 82 81 76 73 71 69 73 79 82 82 77 75 73 71 74 82 88 90 86
 TSD   2  2  1  2  2  2  1  1  2  2  1  2  2  2  2  2  2  2  2  2  2  3  3
 DPT  63 63 62 59 58 55 57 61 62 62 62 59 59 58 59 61 60 61 62 63 63 64 65
 DSD   3  2  3  3  3  3  2  2  2  2  3  3  2  2  2  2  3  3  3  4  4  3  3
 WBG  68 66 68 74 76 72 69 67 67 65 68 74 76 74 71 68 67 66 70 77 82 81 77
 SKY  18 11  3  6 25 14  9  5 15  8  6 13 14 14 10  5  4  3  2  6  6  8  7
 SSD  28 21  7 10 27 14 11  6 26  7 11 13 11 11  6  5  5  4  3 12  5 13  7
 WDR   5  3  4  6 12 17 17 18 20 22 24 22 20 18 18 20 23 24 25 24 24 25 25
 WSP   4  6  6  5  6 10  9  6  4  0  0  6  9 12 12 10  9  9  8 10 12 14 14
 WSD   3  2  2  2  3  3  1  1  2  2  2  2  2  2  2  2  2  2  2  2  2  2  2
 GST   4  6  6  6  7 11 10  7  4  3  2  7 12 17 16 13 11 10 10 13 18 20 21
 GSD   2  2  2  2  3  3  2  2  2  2  2  2  3  3  3  3  3  3  3  3  3  3  4
 P06         1     0     0     0     1     0     0     0     0     0     0
 P12                     0           0           0           0           0
 Q06         0     0     0     0     0     0     0     0     0     0     0
 Q12                     0           0           0           0           0
 DUR                     0           0           0           0           0
 T03   2  1  0  0  1  1  1  1  0  0  0  0  0  1  3  3  1  1  0  0  1  3  5
 T06         1     1     5     4     0     0     3     4     1     1     7
 T12                     5           4           4           4           7
 PZR   0  0  0  0  0  0  0  0  0  0  0  0  0  0  0  0  0  0  0  0  0  0  0
 PSN   0  0  0  0  0  0  0  0  0  0  0  0  0  0  0  0  0  0  0  0  0  0  0
 PPL   0  0  0  0  0  0  0  0  0  0  0  0  0  0  0  0  0  0  0  0  0  0  0
 PRA   0  0  0  0  0  0  0  0  0  0  0  0  0  0  0  0  0  0  0  0  0  0  0
 S06         0     0     0     0     0     0     0     0     0     0     0
 SLV 110100 98 94 93 92 90 98 97 95 95 99 97 98110110110110120120120130120
 I06         0     0     0     0     0     0     0     0     0     0     0
 CIG -88-88-88-88-88-88-88-88-88-88-88-88-88-88-88-88-88-88-88-88-88-88-88
 IFC   2  0  0  0  2  0  0  0  0  0  0  0  0  0  2  1  0  0  0  0  0  0  2
 LCB  70 80 60 60 80 80 70 70 80 90 50 35 33 49 60-88-88190150180190220270
 VIS 100100100100100100100100100100100100100100100100100100100100100100100
 IFV   0  0  0  0  0  0  0  0  0  0  0  0  0  0  0  0  0  0  0  0  0  0  0
 MHT   4  4 10 38 69 42 11  6  4  4 10 46 60 39 14 10  9  9 12 32 58 47 23
 TWD   8  6  5  6  3 18 18 19 20 23 24 24 24 21 20 21 23 25 26 26 27 26 25
 TWS   5  6  6  5  6 10 10  7  5  5  5  6  9 12 12 10 10 10 10 12 15 16 15
 SOL   0  0 28 80 82 52 13  0  0  0 24 57 82 59 17  0  0  0  6 61 76 75 51
                                                                          
