 KLGA    NBM V5.0 NBS GUIDANCE    7/13/2026  1300 UTC
 DT /JUL  13/JUL  14                /JUL  15                /JUL  16      
 UTC  18 21 00 03 06 09 12 15 18 21 00 03 06 09 12 15 18 21 00 03 06 09 12 
 FHR  05 08 11 14 17 20 23 26 29 32 35 38 41 44 47 50 53 56 59 62 65 68 71 
 TXN                    72          95          80         100          78
 XND                     2           2           2           2           3
 TMP  83 82 78 76 74 72 75 83 90 93 90 85 83 80 83 90 96 97 91 85 82 79 80
 TSD   1  2  2  2  2  2  2  2  2  2  2  2  2  2  2  2  2  2  3  3  3  2  2
 DPT  59 59 59 59 57 58 59 62 63 64 65 66 66 67 67 67 65 62 61 59 58 58 58
 DSD   2  2  2  2  2  2  2  2  2  2  2  3  3  2  2  2  3  5  7  6  6  5  4
 WBG  77 73 71 69 67 66 69 78 82 82 79 76 75 74 76 83 86 83 79 74 72 70 72
 SKY  36 15  7  2  5 15  4 16  9  9 20 18  9  7  0  7 23 33 42 54 61 52 43
 SSD  30 23 13  2  6 30  5 19  6 19 32 31 13  9  0 10 14 14 13 26 22 31 24
 WDR  20 18 19 21 23 24 25 24 24 25 24 24 25 25 25 27 29 30 32 34 32 30 30
 WSP  10 13 12 11 10 10 10 10 13 15 15 13 12 11 10 11 14 15 14 11  7  6  5
 WSD   1  1  1  1  1  1  1  2  1  2  2  2  2  1  1  1  2  2  3  3  3  3  3
 GST  14 19 17 15 14 13 13 14 20 23 23 21 18 16 14 16 21 24 20 15  8  6  6
 GSD   3  3  3  3  2  3  2  3  2  3  3  3  3  3  3  3  3  4  5  5  4  3  3
 P06         1     1     2     2     0     0     0     0    16    11     3
 P12                     1           2           0          15          13
 Q06         0     0     0     0     0     0     0     0     0     0     0
 Q12                     0           0           0           0           0
 DUR                     0           0           0           0           0
 T03   1  1  2  2  1  1  1  0  1  3  7  6  3  2  1  1  4 12 13 11  5  2  0
 T06         3     3     1     1    10    10     3     6    21    15     2
 T12                     3          10          10          21          15
 PZR   0  0  0  0  0  0  0  0  0  0  0  0  0  0  0  0  0  0  0  0  0  0  0
 PSN   0  0  0  0  0  0  0  0  0  0  0  0  0  0  0  0  0  0  0  0  0  0  0
 PPL   0  0  0  0  0  0  0  0  0  0  0  0  0  0  0  0  0  0  0  0  0  0  0
 PRA   0  0  0  0  0  0  0  0  0  0  0  0  0  0  0  0  0 32 45 23 13  0  0
 S06         0     0     0     0     0     0     0     0     0     0     0
 SLV 110110110120120110120120120120120120120120120120120120130120120100110
 I06         0     0     0     0     0     0     0     0     0     0     0
 CIG -88-88-88-88-88-88-88-88-88-88-88-88-88-88-88-88-88-88-88-88-88-88-88
 IFC   0  0  0  0  0  0  0  0  0  0  0  0  0  0  0  0  2  2  2  2  2  0  0
 LCB  90 90240110 80 70160180170250310110-88-88-88280280130130100140 90110
 VIS 100100100100100100100100100100100100100100100100100100100100100100100
 IFV   0  0  0  0  0  0  0  0  0  0  2  0  0  0  0  0  0  0  0  0  0  0  0
 MHT  52 31 10  7  6  7 13 29 54 50 20 13  9  6 16 39 73 87 33 19  9  5 12
 TWD  23 20 19 22 23 26 26 27 26 26 26 25 26 26 27 29 30 30 32 34 33 30 30
 TWS  10 14 13 13 12 11 13 12 16 18 16 14 12 11 12 14 18 20 14 11  8  6  8
 SOL  74 55  9  0  0  0 28 78 88 60 15  0  0  0 26 73 83 75 49  0  0  0  4
                                                                          
