 KLGA    NBM V5.0 NBS GUIDANCE    7/10/2026  1900 UTC
 DT   /JUL  11                /JUL  12                /JUL  13            
 UTC  00 03 06 09 12 15 18 21 00 03 06 09 12 15 18 21 00 03 06 09 12 15 18 
 FHR  05 08 11 14 17 20 23 26 29 32 35 38 41 44 47 50 53 56 59 62 65 68 71 
 TXN              73          83          69          85          69      
 XND               2           3           2           2           2      
 TMP  80 77 75 74 74 77 79 79 77 73 71 69 72 78 82 82 77 73 71 69 72 80 84
 TSD   3  2  2  2  2  3  4  4  2  2  2  2  2  2  2  2  2  2  1  2  1  2  2
 DPT  69 70 69 67 65 63 63 62 63 63 62 61 59 59 57 56 59 61 62 61 61 59 59
 DSD   2  2  2  3  4  4  5  4  4  4  5  5  5  4  4  3  3  3  3  3  3  3  3
 WBG  75 74 72 70 71 72 74 74 71 69 68 66 68 74 76 73 70 68 67 65 69 75 77
 SKY  60 24 68 73 71 85 78 56 41 36 17  9  1  5  9 12 20 19 14 18 11 18 29
 SSD  33 29 27 14 27 20 18 33 31 38 28 10  2  5  8 14 26 27 25 29 13 23 22
 WDR  28 29 35  4  6  6  6  9  9  6  3  2  3  3  6 14 16 17 20 22 23 23 20
 WSP   7  5  5  8  9  9  9  8  6  4  5  7  8  6  5  6  9  7  4  2  0  6  9
 WSD   2  2  2  3  2  2  2  3  3  3  3  2  2  2  2  3  2  1  2  2  2  2  2
 GST   7  6  5  8 10 12 12 10  6  5  5  8  8  7  7  8 10  8  4  3  2  6 12
 GSD   3  2  2  3  3  3  3  4  3  2  3  3  3  2  2  3  3  2  2  2  2  2  3
 P06        13     5    34    22     2     0     0     0     0     0     0
 P12              22          48           2           0           0      
 Q06         0     0     0     7     0     0     0     0     0     0     0
 Q12               0           7           0           0           0      
 DUR               2           6           0           0           0      
 T03  20  9  2  2  2  6 10 12  8  4  1  1  0  0  0  0  0  0  0  0  0  0  0
 T06        11     5    17    19     7     1     1     3     2     1     1
 T12              13          25           7           3           2      
 PZR   0  0  0  0  0  0  0  0  0  0  0  0  0  0  0  0  0  0  0  0  0  0  0
 PSN   0  0  0  0  0  0  0  0  0  0  0  0  0  0  0  0  0  0  0  0  0  0  0
 PPL   0  0  0  0  0  0  0  0  0  0  0  0  0  0  0  0  0  0  0  0  0  0  0
 PRA  21  4 12  2 12 22 31 13  5  0  0  0  0  0  0  0  0  0  0  0  0  0  0
 S06         0     0     0     0     0     0     0     0     0     0     0
 SLV 120120120120120120120110100110100 94 84 78 83 87 85 90 90 89 89 91 93
 I06         0     0     0     0     0     0     0     0     0     0     0
 CIG 130-88230110130 60 60-88-88-88-88-88-88-88-88-88-88-88-88-88-88-88-88
 IFC   0  0  3  0  0  2  2  0  1  0  0  3  2  0  0  0  2  0  0  0  0  0  0
 LCB  90110150 90 60 50 50 60 90100 60 46 30-88 60 70 90 80 60 70 70 60 60
 VIS 100100100100100100100100100100100100100100100100100100100100100100100
 IFV   0  0  3  2  0  0  0  0  0  0  0  0  0  0  0  0  0  0  0  0  0  0  0
 MHT   8  4  4  6 14 21 30 32  9  5  5  4 12 39 62 52 14 10  7  4 11 47 66
 TWD  29 31  1  6  8  8  8  7  9  8  6  3  3  4  3 15 18 18 20 23 25 26 24
 TWS   9  6  5  8 11 10 10 10  6  6  5  7  8  7  6  7 10  8  7  5  7  8 11
 SOL   5  0  0  0 18 36 20 26  8  0  0  0 29 78 89 64 26  0  0  0  4 48 70
                                                                          
