 KLGA    NBM V5.0 NBS GUIDANCE    7/13/2026  1900 UTC
 DT   /JUL  14                /JUL  15                /JUL  16            
 UTC  00 03 06 09 12 15 18 21 00 03 06 09 12 15 18 21 00 03 06 09 12 15 18 
 FHR  05 08 11 14 17 20 23 26 29 32 35 38 41 44 47 50 53 56 59 62 65 68 71 
 TXN              72          96          80         100          78      
 XND               2           2           2           2           3      
 TMP  78 76 74 72 75 83 91 93 90 86 83 81 83 90 96 97 91 85 81 79 80 86 90
 TSD   2  2  2  2  2  2  2  2  2  2  2  2  2  2  2  3  4  3  3  2  2  2  3
 DPT  60 59 58 58 60 63 63 64 65 66 66 67 68 67 65 62 61 60 59 60 60 56 55
 DSD   2  2  2  2  2  2  2  2  3  3  3  2  2  2  3  5  7  7  6  5  5  5  5
 WBG  71 69 67 66 69 78 83 82 80 77 76 74 77 83 86 83 79 74 72 70 72 77 80
 SKY   5  6  6 10  3 15 22  9 13 18 18  6 12 11  8 32 39 62 61 56 55 38 42
 SSD   6  5  5 17  6 23 28 27 22 26 21  7 30 37  5 27 16 19 20 27 23 21 19
 WDR  19 21 23 24 24 24 24 25 25 24 25 25 25 27 29 30 33 33 32 29 28 27 27
 WSP  12 11 10 10 10 10 13 15 15 13 12 10 10 11 14 15 14 11  7  5  5  8 11
 WSD   1  1  1  1  1  2  1  2  2  2  2  1  1  2  2  3  3  3  3  3  3  3  3
 GST  17 15 14 13 12 14 19 22 23 20 16 14 13 16 21 24 20 14  8  5  5 10 17
 GSD   3  3  2  2  2  3  3  3  4  3  3  3  2  3  3  4  6  5  3  3  4  4  5
 P06         1     1     1     0     0     0     0    12    19     4     0
 P12               1           1           0          11          22      
 Q06         0     0     0     0     0     0     0     0     0     0     0
 Q12               0           0           0           0           0      
 DUR               0           0           0           0           0      
 T03   4  3  1  0  0  0  1  3  6  5  2  2  1  1  2  9 12  8  3  2  1  0  1
 T06         3     0     1     7     8     2     4    17    11     4     1
 T12               3           7           8          17          11      
 PZR   0  0  0  0  0  0  0  0  0  0  0  0  0  0  0  0  0  0  0  0  0  0  0
 PSN   0  0  0  0  0  0  0  0  0  0  0  0  0  0  0  0  0  0  0  0  0  0  0
 PPL   0  0  0  0  0  0  0  0  0  0  0  0  0  0  0  0  0  0  0  0  0  0  0
 PRA   0  0  0  0  0  0  0  0  0  0  0  0  0  0  0  5 12 23 23 11  0  1  1
 S06         0     0     0     0     0     0     0     0     0     0     0
 SLV 110120120110120120120120120120120120120120120120130130120110120120120
 I06         0     0     0     0     0     0     0     0     0     0     0
 CIG -88-88-88-88-88-88-88-88-88-88-88-88-88-88-88-88-88-88-88-88-88-88-88
 IFC   0  0  0  0  0  0  1  0  0  0  0  0  0  0  1  2  2  2  0  0  0  0  2
 LCB 190 90 80130140210150170210210-88-88-88140180170 80 70130130170180160
 VIS 100100100100100100100100100100100100100100100100100100100100100100100
 IFV   0  0  0  0  0  0  0  0  1  0  0  0  0  0  0  1  0  0  0  0  0  0  0
 MHT  12  7  6  6 12 27 56 49 18  8  5  5 14 41 74 80 24 19  9  5 12 57 76
 TWD  20 22 23 26 26 26 26 26 26 25 26 26 27 29 30 31 34 34 33 31 29 29 28
 TWS  13 13 12 11 12 12 16 19 16 14 12 10 14 15 18 20 14 11  8  6  7 13 17
 SOL   7  0  0  0 29 78 87 60 15  0  0  0 27 75 85 65 25  0  0  0  3 46 68
                                                                          
