 KLGA    NBM V5.0 NBS GUIDANCE    7/12/2026  1300 UTC
 DT /JUL  12/JUL  13                /JUL  14                /JUL  15      
 UTC  18 21 00 03 06 09 12 15 18 21 00 03 06 09 12 15 18 21 00 03 06 09 12 
 FHR  05 08 11 14 17 20 23 26 29 32 35 38 41 44 47 50 53 56 59 62 65 68 71 
 TXN                    69          87          72          94          78
 XND                     2           2           2           2           2
 TMP  82 81 76 73 71 69 73 79 83 82 78 76 74 72 75 83 90 91 88 84 81 79 81
 TSD   1  1  1  1  2  2  1  2  2  2  2  2  2  2  2  2  2  2  2  2  2  2  2
 DPT  58 55 57 60 61 61 60 58 58 58 59 59 58 59 60 61 62 63 63 63 62 63 64
 DSD   2  3  2  2  2  2  2  3  2  2  3  2  2  2  2  2  2  3  3  4  4  4  3
 WBG  76 72 69 67 67 65 69 73 77 74 71 69 68 66 70 77 82 81 78 75 73 72 75
 SKY  23 15  5 12 26 40 31 34 23  5  7  2  6  7  6  9  6  4  8 11  9 12  7
 SSD  18 14  7 11 25 33 34 31 24  4 27  2 12 10 24 14  6  4 12 23 12 15 16
 WDR  13 17 17 18 19 21 23 22 19 18 18 21 23 25 25 25 25 25 25 25 25 25 25
 WSP   6 10 10  7  5  3  3  6  9 13 11 10 10  9  9 10 13 15 14 14 13 11 10
 WSD   3  2  1  1  2  2  2  2  1  1  1  1  1  2  2  2  2  2  2  2  2  2  2
 GST   6 12 11  8  5  4  4  7 12 18 15 14 13 12 11 13 19 22 23 22 20 17 14
 GSD   3  4  2  2  2  2  2  2  2  3  3  3  3  3  3  3  3  3  4  3  3  3  3
 P06         0     0     0     0     2     0     0     0     0     0     0
 P12                     0           0           2           0           0
 Q06         0     0     0     0     0     0     0     0     0     0     0
 Q12                     0           0           0           0           0
 DUR                     0           0           0           0           0
 T03   0  0  0  0  0  0  0  0  0  1  3  3  0  1  0  0  1  4  7  6  3  2  1
 T06         2     2     0     0     3     3     1     1     7     9     4
 T12                     2           3           3           7           9
 PZR   0  0  0  0  0  0  0  0  0  0  0  0  0  0  0  0  0  0  0  0  0  0  0
 PSN   0  0  0  0  0  0  0  0  0  0  0  0  0  0  0  0  0  0  0  0  0  0  0
 PPL   0  0  0  0  0  0  0  0  0  0  0  0  0  0  0  0  0  0  0  0  0  0  0
 PRA   0  0  0  0  0  0  0  0  0  0  0  0  0  0  0  0  0  0  0  0  0  0  0
 S06         0     0     0     0     0     0     0     0     0     0     0
 SLV  91 92 96 94 96100100100100110110110110120120130130130130120120120120
 I06         0     0     0     0     0     0     0     0     0     0     0
 CIG -88-88-88-88-88-88-88-88-88-88-88-88-88-88-88-88-88-88-88-88-88-88-88
 IFC   0  0  0  0  0  0  0  0  0  0  1  1  0  0  0  0  1  0  0  0  0  0  0
 LCB  70 70 60 70230 90190 70160 90100120 26100170190230-88250260280280280
 VIS 100100100100100100100100100100100100100100100100100100100100100100100
 IFV   0  0  0  0  0  0  0  0  0  0  0  0  0  0  0  0  0  0  0  0  0  0  0
 MHT  68 39 10  6  5  4 12 38 58 34 10 11  9  9 12 28 59 53 25 15 11  8 15
 TWD   3 18 18 19 20 22 24 24 21 19 19 22 24 26 26 26 26 26 25 25 26 26 28
 TWS   6 10 10  7  6  5  6  8 10 14 13 11 11 10 12 12 15 18 16 14 13 11 12
 SOL  69 51 11  0  0  0 24 61 86 57 13  0  0  0 25 69 84 76 52  0  0  0  6
                                                                          
