 KLGA    NBM V5.0 NBS GUIDANCE    7/11/2026  1300 UTC
 DT /JUL  11/JUL  12                /JUL  13                /JUL  14      
 UTC  18 21 00 03 06 09 12 15 18 21 00 03 06 09 12 15 18 21 00 03 06 09 12 
 FHR  05 08 11 14 17 20 23 26 29 32 35 38 41 44 47 50 53 56 59 62 65 68 71 
 TXN                    69          85          69          86          72
 XND                     2           2           2           2           2
 TMP  79 80 77 73 71 70 73 78 82 81 76 73 71 69 73 79 83 82 78 75 73 72 75
 TSD   4  2  2  2  2  2  1  2  2  2  2  2  2  2  1  2  2  2  2  2  2  2  2
 DPT  65 65 65 64 64 63 62 60 58 56 57 61 62 62 62 59 59 59 60 61 61 62 63
 DSD   4  3  3  3  3  3  3  4  3  3  3  2  3  3  3  3  2  3  3  3  3  3  4
 WBG  75 74 72 69 68 67 69 74 76 73 69 68 67 66 69 75 77 74 72 69 68 68 71
 SKY  74 66 58 41 20 12  6  3 30 21 11 16 17 21 27 21 27 29 23  6  4  5  3
 SSD  28 26 31 32 23 17 13  7 20 28 14 18 27 33 36 27 26 28 33  5  5  5  6
 WDR   6 10 11  7  5  5  5  6 12 16 17 18 20 21 23 22 20 18 19 21 23 25 25
 WSP   9  7  5  4  4  6  7  5  6  9  9  7  4  0  0  6 10 13 12 10 10  9  8
 WSD   2  3  2  3  3  2  2  2  3  3  1  1  3  2  3  2  2  2  2  2  3  2  2
 GST  11  9  6  4  4  6  7  6  7 11 10  7  4  2  2  7 13 17 16 12 11 10  9
 GSD   3  3  3  2  2  2  2  2  3  4  2  2  2  2  3  3  3  3  3  3  4  3  3
 P06        23     2     1     0     9     0     0     0     1     1     0
 P12                     2          10           0           0           1
 Q06         0     0     0     0     2     0     0     0     0     0     0
 Q12                     0           2           0           0           0
 DUR                     0           0           0           0           0
 T03  10 11 12  8  3  2  0  0  1  1  1  1  0  0  0  0  0  2  3  4  2  1  0
 T06        25    11     2     1     5     4     0     1     6     6     1
 T12                    11           6           4           6           6
 PZR   0  0  0  0  0  0  0  0  0  0  0  0  0  0  0  0  0  0  0  0  0  0  0
 PSN   0  0  0  0  0  0  0  0  0  0  0  0  0  0  0  0  0  0  0  0  0  0  0
 PPL   0  0  0  0  0  0  0  0  0  0  0  0  0  0  0  0  0  0  0  0  0  0  0
 PRA  38 19  3  0  0  0  0  0  0  8  0  0  0  0  0  0  0  0  0  0  0  0  0
 S06         0     0     0     0     0     0     0     0     0     0     0
 SLV 120110110110110100 94 88 88 90 90 89 91 89 89 92 92 98100110110120120
 I06         0     0     0     0     0     0     0     0     0     0     0
 CIG  70 60 90-88-88-88-88-88-88-88-88-88-88-88-88-88-88-88-88-88-88-88-88
 IFC   0  1  0  0  0  0  0  0  0  0  0  1  0  0  1  0  0  2  2  0  0  0  0
 LCB  60 60 90130110100 80 70 80 60130 34 34 33 60 60 60 70100150100 70100
 VIS 100100100100100100100100100100100100100100100100100100100100100100100
 IFV   0  0  0  0  0  0  0  0  0  0  0  0  0  0  0  0  0  0  0  0  0  0  0
 MHT  28 29 12  6  4  5 11 37 60 44 10  8  7  4 10 44 57 33 13 11 10  8 13
 TWD   7  9 12  8  7  5  7  6  9 16 18 19 21 23 24 24 22 20 20 22 24 25 27
 TWS  11  8  6  5  5  6  7  5  6  9 10  8  6  4  5  8 10 13 12 11 10 10 11
 SOL  37 32  9  0  0  0 29 75 75 40 14  0  0  0 16 71 84 73 47  0  0  0  6
                                                                          
