 KORD    NBM V5.0 NBS GUIDANCE    7/11/2026  1300 UTC
 DT /JUL  11/JUL  12                /JUL  13                /JUL  14      
 UTC  18 21 00 03 06 09 12 15 18 21 00 03 06 09 12 15 18 21 00 03 06 09 12 
 FHR  05 08 11 14 17 20 23 26 29 32 35 38 41 44 47 50 53 56 59 62 65 68 71 
 TXN                    67          86          68          92          73
 XND                     2           2           2           3           3
 TMP  81 82 80 73 70 69 71 80 84 85 83 75 72 69 72 84 90 91 89 82 77 75 76
 TSD   2  2  2  1  1  2  1  1  2  2  2  3  3  2  2  2  3  3  4  4  4  3  3
 DPT  61 57 56 56 59 62 63 61 57 53 52 53 56 57 58 59 61 60 61 61 63 64 66
 DSD   3  3  3  3  3  3  3  3  4  5  5  4  3  3  4  6  6  6  6  6  5  5  4
 WBG  77 73 70 66 65 65 68 74 78 74 72 66 65 64 67 76 81 79 77 73 71 70 72
 SKY  39 22 18  9  3  6 11  9  6  8  8  6  4  3  2  1  4  6  6  5  8  3  6
 SSD  29 18 17  8  6  8 17 14  5  7  9  7  4  4  4  3  5  8  7  6 13  5 16
 WDR   5  5  3  3  3  1  1  4  6  6  7  5 18 26 27 31 34  4  6 20 24 25 27
 WSP  11 12 10  8  6  4  4  5  9 10  7  0  0  0  3  3  4  7  7  3  4  4  4
 WSD   1  1  2  2  2  2  2  3  2  2  2  2  2  2  2  2  3  2  2  2  2  2  2
 GST  17 17 13 10  7  4  4  7 11 11  8  2  1  2  3  4  4  7  7  4  4  4  4
 GSD   3  3  4  4  3  2  2  3  4  4  3  2  2  2  2  2  3  3  3  2  3  2  2
 P06         0     0     0     0     0     0     0     0     1     0     0
 P12                     0           0           0           1           0
 Q06         0     0     0     0     0     0     0     0     0     0     0
 Q12                     0           0           0           0           0
 DUR                     0           0           0           0           0
 T03   1  0  0  1  0  0  0  0  0  0  0  1  1  1  1  3  3  6  8  8  7  4  4
 T06         5     3     1     1     2     5     3     6    12    13     8
 T12                     3           2           5          12          13
 PZR   0  0  0  0  0  0  0  0  0  0  0  0  0  0  0  0  0  0  0  0  0  0  0
 PSN   0  0  0  0  0  0  0  0  0  0  0  0  0  0  0  0  0  0  0  0  0  0  0
 PPL   0  0  0  0  0  0  0  0  0  0  0  0  0  0  0  0  0  0  0  0  0  0  0
 PRA   0  0  0  0  0  0 15  0  0  0  0  0  0  0  0  0  0  0  0  0  0  0  0
 S06         0     0     0     0     0     0     0     0     0     0     0
 SLV 110100 99100 99 97 97 97 99100110120120120120120130130130120120120120
 I06         0     0     0     0     0     0     0     0     0     0     0
 CIG -88-88-88-88-88-88-88-88-88-88-88-88-88-88-88-88-88-88-88-88-88-88-88
 IFC   0  0  0  0  0  0  0  0  0  0  0  0  2  3  4  0  0  0  0  2  2  6  5
 LCB 180-88-88 49 50 37 22 80-88-88210-88 41100150 60 60 37 37 37-88-88-88
 VIS 100100100100100100100100100100100100100100100100100100100100100100100
 IFV   0  0  0  0  0  0  2  0  0  0  0  0  3  7  8  0  0  0  0  1  3  9  7
 MHT  38 38 15  5  4  4  5 33 53 48 16  4  4  4  3 32 58 60 33  5  4  4  5
 TWD   7  5  3  3  6  4  5  6  6  6  6  6 16 24 27 31 34  1 35 19 23 24 26
 TWS  13 14 11  8  8  7  6  6  9 10  7  4  3  3  6  8  8  8  7  6  5  6  6
 SOL  89 74 26  0  0  0 13 66 89 76 30  0  0  0 14 58 77 84 64  3  2  0  2
                                                                          
