 KORD    NBM V5.0 NBS GUIDANCE    7/13/2026  0100 UTC
 DT /JUL  13            /JUL  14                /JUL  15                / 
 UTC  06 09 12 15 18 21 00 03 06 09 12 15 18 21 00 03 06 09 12 15 18 21 00 
 FHR  05 08 11 14 17 20 23 26 29 32 35 38 41 44 47 50 53 56 59 62 65 68 71 
 TXN                    93          74          97          76          96
 XND                     2           3           3           3           4
 TMP  72 69 72 85 91 93 92 84 79 76 77 88 94 96 95 86 81 77 78 88 94 95 92
 TSD   3  3  3  2  2  3  3  3  3  3  2  2  3  4  4  3  3  3  2  3  4  4  5
 DPT  57 57 57 60 62 62 64 65 66 66 68 67 65 62 63 65 66 67 68 67 65 63 63
 DSD   3  3  3  4  4  4  4  4  3  3  3  3  5  5  6  4  3  2  2  3  4  5  5
 WBG  65 64 66 76 83 81 81 75 73 71 73 81 86 82 81 77 74 73 74 82 86 82 80
 SKY   2  3  1  2  2  6  6 15  7 11  4  6  3  5 10  8  6  8  6  8  9 19 30
 SSD   5  6  1  4  4  9 10 17  8 14  5 11  4  4  4  7  7  9  9 26 25 20 11
 WDR  24 28 28 33 32 31 31 25 26 28 30 34 36  8 15 26 27 29 29 32 31 34  4
 WSP   0  0  3  3  3  6  7  3  5  4  4  3  3  5  6  5  6  5  5  4  4  8  9
 WSD   1  2  2  2  2  2  2  2  2  2  1  2  2  2  2  3  2  2  1  2  3  2  2
 GST   1  2  3  4  4  7  7  4  5  5  5  4  4  6  7  5  6  6  5  4  5  8  9
 GSD   1  1  1  2  2  3  3  2  2  2  2  2  2  3  3  3  2  2  2  2  3  4  3
 P06         1     1     0     0     0     0     1     0     0     0     2
 P12                     1           0           1           0           2
 Q06         0     0     0     0     0     0     0     0     0     0     0
 Q12                     0           0           0           0           0
 DUR                     0           0           0           0           0
 T03   1  1  1  2  1  2  4  5  3  1  1  2  1  2  3  5  5  2  1  2  1  3  6
 T06         3     3     5     7     3     4     5     8     3     3     9
 T12                     5           7           5           8           9
 PZR   0  0  0  0  0  0  0  0  0  0  0  0  0  0  0  0  0  0  0  0  0  0  0
 PSN   0  0  0  0  0  0  0  0  0  0  0  0  0  0  0  0  0  0  0  0  0  0  0
 PPL   0  0  0  0  0  0  0  0  0  0  0  0  0  0  0  0  0  0  0  0  0  0  0
 PRA   0  0  0  0  0  0  0  0  0  0  0  0  0  0  0  0  0  0  0  0  1  2  2
 S06         0     0     0     0     0     0     0     0     0     0     0
 SLV 120120120130130130120120120120130130130130130130130120120120120120120
 I06         0     0     0     0     0     0     0     0     0     0     0
 CIG -88-88-88-88-88-88-88-88-88-88-88-88-88-88-88-88-88-88-88-88-88-88-88
 IFC   0  1  1  0  0  0  0  1  6  5  7  0  0  0  0  2  4  6  6  0  0  0  0
 LCB -88220160 80110 60 50320-88-88-88-88 22-88280280-88-88-88280280-88 44
 VIS 100100100100100100100100 70 90 90100100100100100100100 90100100100100
 IFV   3  2  2  0  0  0  0  0  7  9  9  0  0  0  0  2  3  6  9  0  0  0  0
 MHT   4  4  3 33 52 56 35  4  4  4  5 30 56 56 38  5  5  4  6 30 63 71 37
 TWD  22 28 28 33 33 32 31 27 27 30 32 33  1  6 36 28 29 30 31 31 30 32 34
 TWS   3  5  4  6  5  6  7  5  6  7  6  5  5  5  6  6  7  7  6  6  7  8  9
 SOL   0  0 16 67 88 74 29  0  0  0 15 65 87 74 32  2  0  0  2 40 54 82 62
                                                                          
