 KORD    NBM V5.0 NBS GUIDANCE    7/12/2026  1900 UTC
 DT   /JUL  13                /JUL  14                /JUL  15            
 UTC  00 03 06 09 12 15 18 21 00 03 06 09 12 15 18 21 00 03 06 09 12 15 18 
 FHR  05 08 11 14 17 20 23 26 29 32 35 38 41 44 47 50 53 56 59 62 65 68 71 
 TXN              68          93          74          96          77      
 XND               3           2           3           3           3      
 TMP  84 76 72 69 72 85 91 93 91 84 79 76 77 88 94 95 94 86 81 77 78 89 94
 TSD   2  3  3  3  3  2  3  3  3  3  3  3  2  2  3  3  4  3  3  3  2  3  4
 DPT  54 55 57 57 57 59 62 61 63 64 65 66 67 66 65 63 63 65 66 67 68 66 64
 DSD   4  3  3  3  3  4  4  4  5  5  4  4  3  3  3  4  6  4  3  3  3  3  5
 WBG  73 67 65 64 66 76 83 81 80 75 73 71 72 81 86 83 81 77 74 72 73 81 85
 SKY   2  3  3  4  1  3  2  7  7 14  7 12  7  2  5  9 18 19  9  7  4  6  8
 SSD   6  5  5  6  1  5  4  8  8 17  8 14 11  2  5 26 20 23 14  9  5 22 20
 WDR   6  6 22 27 28 31 32 31 31 24 26 28 31 34  2  3  3 24 26 28 29 31 32
 WSP   7  0  0  0  3  2  3  6  7  4  4  4  4  3  2  6  7  5  6  6  5  4  5
 WSD   1  2  1  2  2  2  3  2  2  2  2  2  2  2  3  2  2  3  2  2  1  2  3
 GST   7  1  1  2  3  3  4  7  7  4  4  4  4  4  3  6  7  6  6  6  6  5  6
 GSD   2  1  1  1  2  2  2  3  2  2  2  2  2  2  2  3  3  3  2  2  2  2  3
 P06         0     1     1     1     1     0     0     1     0     0     0
 P12               0           1           1           1           0      
 Q06         0     0     0     0     0     0     0     0     0     0     0
 Q12               0           0           0           0           0      
 DUR               0           0           0           0           0      
 T03   1  1  1  1  1  2  1  2  4  5  3  1  2  2  1  2  4  5  5  2  1  2  2
 T06         5     2     2     5     7     3     4     5     8     3     4
 T12               5           5           7           5           8      
 PZR   0  0  0  0  0  0  0  0  0  0  0  0  0  0  0  0  0  0  0  0  0  0  0
 PSN   0  0  0  0  0  0  0  0  0  0  0  0  0  0  0  0  0  0  0  0  0  0  0
 PPL   0  0  0  0  0  0  0  0  0  0  0  0  0  0  0  0  0  0  0  0  0  0  0
 PRA   0  0  0  0  0  0  0  0  0  0  0  0  0  0  0  0  0  0  0  0  0  0  2
 S06         0     0     0     0     0     0     0     0     0     0     0
 SLV 110120120120120130130130120130130130130130130130130130130120120120120
 I06         0     0     0     0     0     0     0     0     0     0     0
 CIG -88-88-88-88-88-88-88-88-88-88-88-88-88-88-88-88-88-88-88-88-88-88-88
 IFC   0  0  1  3  1  0  0  0  0  0  1  5  5  1  0  0  0  3  3  5  5  0  1
 LCB -88-88280190170230120100 50240-88-88-88-88-88-88280280-88-88-88-88280
 VIS 100100100100100100100100100100100 90 90100100100100100100100100100100
 IFV   0  0  4  8  2  0  0  0  0  0  7  9 12  0  0  0  0  1  5  4  7  0  0
 MHT  22  4  4  4  3 30 54 58 30  4  4  4  4 33 56 55 32  5  5  5  6 30 66
 TWD   6  8 22 27 29 33 35 34 32 26 28 30 32 36  4  3 36 27 28 29 30 32 31
 TWS   7  3  3  4  3  5  5  6  7  5  5  6  7  6  6  6  7  6  6  7  8  8  8
 SOL  26  0  0  0 16 65 87 73 29  0  0  0 15 62 83 75 39  3  1  0  2 38 59
                                                                          
