 KORD    NBM V5.0 NBS GUIDANCE    7/11/2026  1900 UTC
 DT   /JUL  12                /JUL  13                /JUL  14            
 UTC  00 03 06 09 12 15 18 21 00 03 06 09 12 15 18 21 00 03 06 09 12 15 18 
 FHR  05 08 11 14 17 20 23 26 29 32 35 38 41 44 47 50 53 56 59 62 65 68 71 
 TXN              67          86          68          92          74      
 XND               1           2           3           3           3      
 TMP  80 73 70 69 71 81 85 85 83 76 72 70 72 84 90 92 90 83 78 75 76 88 93
 TSD   2  1  1  1  1  1  2  2  2  2  3  3  2  2  3  3  3  3  3  3  2  3  4
 DPT  57 57 60 62 64 62 58 53 52 54 56 57 59 60 62 61 62 63 64 66 67 66 65
 DSD   3  2  2  2  2  3  4  5  5  4  3  3  4  6  6  6  7  6  5  4  4  4  4
 WBG  71 66 66 66 68 75 78 74 72 66 66 64 67 76 83 80 78 73 72 71 72 81 85
 SKY  17 10  4 18 18  4  5  8  8  9  7  5  3  2  5  5  6  4 11  2  1  3  3
 SSD  26 21  6 25 33  5  6  8  9  8  8  7  4  3  6  7  6  4 22  3  4 13  3
 WDR   3  3  2  2  3  6  6  6  6  5 24 24 27 29 31 34 34 26 26 27 29 31 32
 WSP  10  8  6  4  4  5  8  9  7  0  0  0  3  3  3  6  7  4  4  4  4  3  3
 WSD   2  2  2  1  2  3  2  2  2  2  2  2  2  2  3  2  2  2  2  2  2  2  3
 GST  13 10  8  5  4  7 11 11  8  2  1  2  3  4  4  7  7  4  5  5  4  4  4
 GSD   4  4  3  2  2  3  3  3  3  2  2  2  2  2  3  3  3  2  2  2  2  2  3
 P06         0     0     0     0     1     0     1     1     1     0     1
 P12               0           0           1           2           1      
 Q06         0     0     0     0     0     0     0     0     0     0     0
 Q12               0           0           0           0           0      
 DUR               0           0           0           0           0      
 T03   1  1  0  0  0  0  0  0  1  1  1  1  1  3  2  4  7  7  6  3  2  2  2
 T06         3     0     0     3     5     3     4     8    10     5     5
 T12               3           3           5           8          10      
 PZR   0  0  0  0  0  0  0  0  0  0  0  0  0  0  0  0  0  0  0  0  0  0  0
 PSN   0  0  0  0  0  0  0  0  0  0  0  0  0  0  0  0  0  0  0  0  0  0  0
 PPL   0  0  0  0  0  0  0  0  0  0  0  0  0  0  0  0  0  0  0  0  0  0  0
 PRA   0  0  0 12 14  0  0  0  0  0  0  0  0  0  0  0  0  0  0  0  0  0  0
 S06         0     0     0     0     0     0     0     0     0     0     0
 SLV  99 99 99 98 97 98100110110110120120120120130130120120120120120120120
 I06         0     0     0     0     0     0     0     0     0     0     0
 CIG -88-88-88-88-88-88-88-88-88-88-88-88-88-88-88-88-88-88-88-88-88-88-88
 IFC   0  0  0  0  1  0  0  0  0  0  0  5  3  0  0  0  0  3  2  7  6  0  1
 LCB -88 45 50 35  8 50-88-88-88210100140 49 90130 60-88-88-88-88-88 70-88
 VIS 100100100100100100100100100100100100100100100100100100100 90100100100
 IFV   0  0  0  4  4  1  0  0  0  0  6 10  6  0  0  0  0  2  6  7  8  0  0
 MHT  16  5  4  4  4 29 50 43 18  4  4  3  3 30 55 57 32  5  4  4  5 35 63
 TWD   3  2  3  5  6  7  7  7  5  5 14 27 28 33 35 34 32 24 26 28 30 32  2
 TWS  10  8  8  6  5  7 10 11  7  5  3  3  6  7  6  8  8  6  6  7  7  7  5
 SOL  26  0  0  0 14 65 89 76 30  0  0  0 15 63 85 76 40  3  2  0  2 45 65
                                                                          
