 KORD    NBM V5.0 NBS GUIDANCE    7/10/2026  1300 UTC
 DT /JUL  10/JUL  11                /JUL  12                /JUL  13      
 UTC  18 21 00 03 06 09 12 15 18 21 00 03 06 09 12 15 18 21 00 03 06 09 12 
 FHR  05 08 11 14 17 20 23 26 29 32 35 38 41 44 47 50 53 56 59 62 65 68 71 
 TXN                    66          83          67          86          68
 XND                     2           2           2           3           3
 TMP  81 81 77 71 68 67 69 78 82 82 80 73 70 69 71 80 84 84 82 75 72 70 72
 TSD   2  2  1  1  2  2  2  1  2  2  2  2  2  2  2  3  3  4  4  3  3  2  2
 DPT  65 62 60 59 59 58 61 63 62 59 58 59 61 62 62 60 58 55 56 57 60 61 62
 DSD   3  3  4  3  3  4  4  3  3  4  4  3  3  3  3  3  5  5  6  4  3  3  3
 WBG  78 74 70 66 64 63 66 74 78 74 72 67 66 66 68 75 78 75 72 68 66 66 68
 SKY  23 66 80 85 77 65 59 31 48 45 41 49 32 20 16 12 12 17 14 13  4  5  5
 SSD  27 29 20 17 25 22 31 34 40 37 41 44 41 25 29 27 27 29 14 30  4  9 11
 WDR   4  4  4  4  3  2  3  6  6  5  4  5  5  7  6  8  8  7  6  7  8  6  4
 WSP   7  8  9  6  4  5  5  7 10 10  9  6  5  4  3  5  9 10  9  4  1  0  2
 WSD   2  1  1  2  2  2  2  2  2  2  2  2  3  2  3  3  3  2  2  3  3  2  2
 GST   9 10 10  6  5  5  6  9 12 13 11  7  5  4  3  6 11 12 10  5  2  2  3
 GSD   3  2  3  2  2  2  2  3  3  3  3  4  3  3  3  4  4  4  4  3  3  3  2
 P06         1     1     1     1     3     3     4     3     5     2     0
 P12                     1           3           4           6           2
 Q06         0     0     0     0     0     0     0     0     0     0     0
 Q12                     0           0           0           0           0
 DUR                     0           0           0           0           0
 T03   2  5  6  4  1  0  0  1  0  1  1  1  1  0  1  1  0  1  1  1  1  1  1
 T06        13     9     1     1     6     5     2     2     4     5     3
 T12                     9           6           5           4           5
 PZR   0  0  0  0  0  0  0  0  0  0  0  0  0  0  0  0  0  0  0  0  0  0  0
 PSN   0  0  0  0  0  0  0  0  0  0  0  0  0  0  0  0  0  0  0  0  0  0  0
 PPL   0  0  0  0  0  0  0  0  0  0  0  0  0  0  0  0  0  0  0  0  0  0  0
 PRA   0  6  0  0  0  0  0  0  0  0  0  0  0  0  0  0  0  0  0  0  0  0  0
 S06         0     0     0     0     0     0     0     0     0     0     0
 SLV 110110110100100100100100100100100100100100100100100100110110110110110
 I06         0     0     0     0     0     0     0     0     0     0     0
 CIG -88140230240250180190-88-88-88-88-88-88-88-88-88-88-88-88-88-88-88-88
 IFC   0  0  3  2  0  0  0  1  1  1  0  1  0  2  4  1  0  0  0  0  0  3  4
 LCB  80120220230220180180250280180 46 29-88-88-88-88-88-88-88-88-88-88280
 VIS 100100100100100100100100100100100100100100100100100100100100100100100
 IFV   0  0  0  0  0  0  0  0  0  0  0  0  1  3  3  0  0  0  0  0  3  6  5
 MHT  35 31 15  5  4  4  6 23 41 41 14  5  4  4  4 36 55 47 21  4  4  4  3
 TWD   4  3  4  3  5  4  6  8  7  8  4  3  6  8  9  8  8  7  6  7 10 10  6
 TWS   7  8  9  6  7  8  7 10 13 12 11  8  7  7  5 10 13 11 10  6  5  5  5
 SOL  87 60 20  0  0  0 11 63 86 70 28  0  0  0 14 60 82 86 66  3  2  0  2
                                                                          
