 KORD    NBM V5.0 NBS GUIDANCE    7/12/2026  0100 UTC
 DT /JUL  12            /JUL  13                /JUL  14                / 
 UTC  06 09 12 15 18 21 00 03 06 09 12 15 18 21 00 03 06 09 12 15 18 21 00 
 FHR  05 08 11 14 17 20 23 26 29 32 35 38 41 44 47 50 53 56 59 62 65 68 71 
 TXN                    86          68          93          75          96
 XND                     2           3           3           3           3
 TMP  71 69 71 81 85 86 84 76 72 69 72 84 90 92 91 83 79 76 77 88 94 96 94
 TSD   1  1  1  1  2  2  2  3  3  3  2  2  3  3  3  3  3  3  2  2  3  4  4
 DPT  59 62 64 62 59 54 52 54 56 57 58 61 63 63 64 65 66 67 68 68 66 63 63
 DSD   2  2  2  3  4  4  5  3  3  3  3  5  5  5  5  5  4  4  3  3  3  4  6
 WBG  66 66 68 75 78 75 72 67 65 64 67 76 83 81 79 75 72 72 73 81 86 83 81
 SKY   8  5 13  2  6  9 10 11  7  8  3 15  3  8 13  4  4  3  2  2  7 12 17
 SSD  11  6 24  5  6  9 11  8  8  8  5 27  4  5 14  5  7  9  9  9 18 20 22
 WDR   2  2  2  5  5  6  5  5 28 26 28 30 34 36  6 24 27 28 29 31 29 28 27
 WSP   6  4  4  5  8  9  7  0  0  1  3  3  3  6  7  4  4  4  4  3  2  6  8
 WSD   1  1  2  2  1  2  1  2  2  2  2  2  2  2  2  2  2  2  2  2  2  2  2
 GST   7  5  4  6 10 10  7  1  1  2  3  4  4  7  7  4  5  5  4  4  4  7  8
 GSD   2  1  1  2  3  3  2  1  2  2  2  2  2  3  3  2  2  2  2  2  2  3  4
 P06         0     0     0     1     1     0     1     0     0     0     3
 P12                     0           1           1           0           3
 Q06         0     0     0     0     0     0     0     0     0     0     0
 Q12                     0           0           0           0           0
 DUR                     0           0           0           0           0
 T03   0  0  0  0  0  0  1  1  1  0  1  2  1  2  5  6  5  3  2  3  3  3  5
 T06         1     0     3     5     2     3     5     8     4     6     8
 T12                     3           5           6           8           8
 PZR   0  0  0  0  0  0  0  0  0  0  0  0  0  0  0  0  0  0  0  0  0  0  0
 PSN   0  0  0  0  0  0  0  0  0  0  0  0  0  0  0  0  0  0  0  0  0  0  0
 PPL   0  0  0  0  0  0  0  0  0  0  0  0  0  0  0  0  0  0  0  0  0  0  0
 PRA   0  0 12  0  0  0  0  0  0  0  0  0  0  0  0  0  0  0  0  0  0  1  1
 S06         0     0     0     0     0     0     0     0     0     0     0
 SLV  99 98 97 98100110120120120120120130130130120120120120120120130130130
 I06         0     0     0     0     0     0     0     0     0     0     0
 CIG -88-88-88-88-88-88-88-88-88-88-88-88-88-88-88-88-88-88-88-88-88-88-88
 IFC   0  0  0  0  0  0  0  0  1  0  0  0  0  0  0  2  4  6  5  0  0  0  0
 LCB  42 45  4-88-88-88160170160240 90-88-88-88280-88-88-88-88-88-88280280
 VIS 100100100100100100100100100100100100100100100100100100100100100100100
 IFV   0  5  4  0  0  0  0  0  4  4  2  0  0  0  0  1  4  9  9  0  0  0  0
 MHT   4  4  4 33 52 44 19  4  4  4  4 28 53 59 37  4  4  4  6 35 63 68 38
 TWD   3  4  5  6  7  7  5  5  5 27 28 32  2  2 30 17 24 28 29 32 33 32 26
 TWS   8  6  5  6 10 10  7  4  3  4  4  5  6  6  7  4  6  6  6  6  6  8  8
 SOL   0  0 14 68 90 76 30  0  0  0 15 64 88 75 33  2  0  0  2 43 61 82 60
                                                                          
