 KORD    NBM V5.0 NBS GUIDANCE    7/13/2026  1300 UTC
 DT /JUL  13/JUL  14                /JUL  15                /JUL  16      
 UTC  18 21 00 03 06 09 12 15 18 21 00 03 06 09 12 15 18 21 00 03 06 09 12 
 FHR  05 08 11 14 17 20 23 26 29 32 35 38 41 44 47 50 53 56 59 62 65 68 71 
 TXN                    75          97          76          96          75
 XND                     2           3           3           4           3
 TMP  90 93 92 84 79 76 77 88 94 96 95 86 81 78 78 89 95 95 92 83 79 77 78
 TSD   2  2  3  2  3  3  2  2  3  3  4  4  4  3  3  3  3  4  4  4  4  3  3
 DPT  63 63 64 66 66 67 68 67 65 61 62 65 66 68 69 68 66 64 64 65 65 66 67
 DSD   2  3  4  3  3  3  2  3  5  6  7  5  4  2  2  3  4  5  4  4  5  5  5
 WBG  83 81 81 75 73 72 73 81 86 83 81 76 75 73 75 82 87 84 81 75 73 72 74
 SKY   8  7  5  5  4 11  7  9  3 17 33 17  1  3 18  4  8 14 22 15 13 19 16
 SSD  18  9  7  6  6 14 19 19  4 25 32 34  2  5 33  6 15  9 11 10 11 15 17
 WDR  30 30 31 21 25 28 30 32 32 34 30 28 28 30 30 32 32 34  3  4 34 29 29
 WSP   3  6  7  4  4  5  4  3  1  5  6  3  5  5  4  3  3  7  8  5  3  3  4
 WSD   2  2  2  2  2  2  2  2  3  2  2  3  2  2  1  2  2  2  2  2  3  3  2
 GST   4  6  7  4  5  5  5  3  3  5  6  3  5  5  4  4  4  7  9  6  4  4  4
 GSD   2  3  3  2  2  2  2  2  2  3  3  3  3  2  1  2  2  4  4  3  3  3  3
 P06         0     0     0     0     0     0     0     0     1     1     0
 P12                     0           0           0           1           1
 Q06         0     0     0     0     0     0     0     0     0     0     0
 Q12                     0           0           0           0           0
 DUR                     0           0           0           0           0
 T03   1  2  4  5  3  1  1  2  1  2  4  6  5  2  2  2  1  3  7  7  6  2  3
 T06         4     7     3     3     6     8     4     4    11    11     5
 T12                     7           6           8          11          11
 PZR   0  0  0  0  0  0  0  0  0  0  0  0  0  0  0  0  0  0  0  0  0  0  0
 PSN   0  0  0  0  0  0  0  0  0  0  0  0  0  0  0  0  0  0  0  0  0  0  0
 PPL   0  0  0  0  0  0  0  0  0  0  0  0  0  0  0  0  0  0  0  0  0  0  0
 PRA   0  0  0  0  0  0  0  0  0  0  0  0  0  0  0  0  0  0 10 10 10  1  0
 S06         0     0     0     0     0     0     0     0     0     0     0
 SLV 130130120120120120130130130130130130130120120120120120120120120120120
 I06         0     0     0     0     0     0     0     0     0     0     0
 CIG -88-88-88-88-88-88-88-88-88-88-88-88-88-88-88-88-88-88-88-88-88-88-88
 IFC   0  0  0  0  3  6  7  0  0  0  0  2  1  2  4  0  0  0  0  2  3  3  5
 LCB 220 46-88-88 37 29 22 27280130190-88-88-88-88-88-88 60 44 45-88-88 44
 VIS 100100100100100100 80100100100100100100100 90100100100100100100100 90
 IFV   0  0  0  0  6 11 11  0  0  0  0  3  2  4  8  0  0  0  0  1  5  4  7
 MHT  51 55 30  4  5  4  5 30 51 57 27  4  4  4  5 30 55 70 33  5  4  4  6
 TWD  32 31 31 23 26 30 32 33  1  4 32 28 28 31 31 34 34 32  2 34 31 27 27
 TWS   5  6  7  5  6  6  6  5  4  5  6  5  7  7  7  6  6  7  8  5  5  6  6
 SOL  88 72 25  0  0  0 14 60 87 73 28  0  0  0 13 58 79 84 62  3  1  0  2
                                                                          
