 KORD    NBM V5.0 NBS GUIDANCE    7/13/2026  1900 UTC
 DT   /JUL  14                /JUL  15                /JUL  16            
 UTC  00 03 06 09 12 15 18 21 00 03 06 09 12 15 18 21 00 03 06 09 12 15 18 
 FHR  05 08 11 14 17 20 23 26 29 32 35 38 41 44 47 50 53 56 59 62 65 68 71 
 TXN              74          97          76          97          75      
 XND               3           3           3           3           3      
 TMP  92 84 79 76 77 89 95 97 95 86 81 78 78 89 95 96 92 84 79 77 78 88 93
 TSD   2  3  3  3  2  2  3  3  3  3  3  3  2  3  3  4  4  4  4  3  3  4  5
 DPT  64 65 66 66 67 68 65 62 62 65 67 68 69 68 66 64 65 66 67 67 67 67 65
 DSD   4  3  3  3  3  3  4  6  7  5  3  3  2  3  4  5  4  4  4  4  4  4  5
 WBG  80 75 72 71 73 82 86 83 82 77 75 73 75 82 86 84 81 75 73 72 74 81 85
 SKY   3  3  3  8  6  2  4  7 12  9  7  7 14  2  9 19 27 18 20 22 14 11 21
 SSD   6  5  5 12 20  4 10  8 10 14  8  7 14  2 11 27 18  8 12 15 21 22 20
 WDR  31 20 24 27 30 32 32 30 31 27 28 30 30 32 30 31  4  4 27 26 28 28 30
 WSP   6  3  4  4  4  2  0  5  5  4  5  5  4  3  3  6  8  5  3  4  4  5  7
 WSD   2  2  2  2  2  2  2  2  2  3  2  2  1  2  2  2  2  3  3  3  2  3  3
 GST   7  3  5  5  5  3  3  5  6  4  5  5  4  3  4  6  9  6  3  4  5  6  8
 GSD   3  2  2  2  2  2  2  3  3  3  3  2  1  2  2  3  4  3  3  3  2  3  4
 P06         0     0     0     0     0     0     0     2     2     0     0
 P12               0           0           0           2           2      
 Q06         0     0     0     0     0     0     0     0     0     0     0
 Q12               0           0           0           0           0      
 DUR               0           0           0           0           0      
 T03   3  3  2  0  1  1  1  1  3  5  5  2  1  1  1  2  4  6  5  2  2  2  2
 T06         5     2     2     4     7     3     3     6     9     3     6
 T12               5           4           7           6           9      
 PZR   0  0  0  0  0  0  0  0  0  0  0  0  0  0  0  0  0  0  0  0  0  0  0
 PSN   0  0  0  0  0  0  0  0  0  0  0  0  0  0  0  0  0  0  0  0  0  0  0
 PPL   0  0  0  0  0  0  0  0  0  0  0  0  0  0  0  0  0  0  0  0  0  0  0
 PRA   0  0  0  0  0  0  0  0  0  0  0  0  0  0  0  0  0  0  0  0  0  2  4
 S06         0     0     0     0     0     0     0     0     0     0     0
 SLV 130120120120120120130130130130130120120120120120120120120120120120120
 I06         0     0     0     0     0     0     0     0     0     0     0
 CIG -88-88-88-88-88-88-88-88-88-88-88-88-88-88-88-88-88-88-88-88-88-88-88
 IFC   0  0  4  7  6  0  0  0  0  0  0  4  1  0  0  0  0  3  3  6  6  1  3
 LCB -88-88-88-88-88-88-88 60280310-88-88-88-88-88 48 45 36 36 28 28 28 46
 VIS 100100100100100100100100100100100100 90100100100100100100100 90100100
 IFV   0  1  6 10  8  0  0  0  0  2  3  6 13  0  0  0  0  2  7  5  8  0  0
 MHT  30  4  4  4  5 28 51 58 32  4  4  4  5 27 54 61 34  5  4  4  6 37 68
 TWD  31 22 25 28 32 33  3 36 32 27 28 31 31 31 29 30 34  5 25 26 27 26 26
 TWS   6  5  6  6  6  5  4  5  6  6  7  6  6  5  5  6  8  5  4  7  8  8  8
 SOL  25  0  0  0 16 65 87 73 28  0  0  0 15 62 84 73 38  2  1  0  2 39 60
                                                                          
