 KORD    NBM V5.0 NBS GUIDANCE    7/10/2026  1900 UTC
 DT   /JUL  11                /JUL  12                /JUL  13            
 UTC  00 03 06 09 12 15 18 21 00 03 06 09 12 15 18 21 00 03 06 09 12 15 18 
 FHR  05 08 11 14 17 20 23 26 29 32 35 38 41 44 47 50 53 56 59 62 65 68 71 
 TXN              66          83          68          85          68      
 XND               2           2           2           3           3      
 TMP  77 72 69 68 70 78 82 82 80 73 70 69 71 80 84 84 82 75 71 69 71 82 88
 TSD   2  1  1  2  1  2  2  2  2  2  2  2  2  2  3  3  3  3  3  3  3  3  3
 DPT  60 59 59 59 62 64 63 59 58 59 61 62 63 60 58 55 54 56 59 60 61 58 57
 DSD   4  3  3  3  4  3  3  4  3  3  2  3  3  3  4  4  4  3  3  3  4  3  5
 WBG  70 66 65 64 67 74 78 74 72 68 65 66 68 74 78 74 72 67 66 64 67 75 80
 SKY  87 89 86 85 69 65 59 53 42 32 15 11 14  3  5 10 11 10  2  2  5  4  2
 SSD  16 13 14 20 27 37 37 38 37 30 17 18 25  3  5 28 12 30  2  2 11  5  3
 WDR   4  4  2  1  3  6  5  5  4  4  4  5  5  7  6  6  6  6  6  3  1  5  6
 WSP   9  6  5  5  5  8 10 11 10  7  5  4  3  5  9 10  9  4  0  0  2  3  6
 WSD   1  1  2  2  2  2  2  2  2  2  2  2  3  3  3  2  2  3  3  2  2  3  3
 GST  10  6  5  6  7 10 14 14 12  7  5  4  3  6 12 13  9  4  2  2  3  4  7
 GSD   3  2  2  2  2  3  3  3  3  4  3  3  3  4  4  3  3  3  3  2  2  3  4
 P06         1     1     1     2     2     2     1     2     2     0     0
 P12               1           2           2           3           2      
 Q06         0     0     0     0     0     0     0     0     0     0     0
 Q12               0           0           0           0           0      
 DUR               0           0           0           0           0      
 T03   7  4  1  0  0  1  1  1  1  1  0  0  0  0  0  0  0  1  1  0  1  1  1
 T06         8     2     1     6     3     0     1     2     3     2     3
 T12               8           6           3           2           3      
 PZR   0  0  0  0  0  0  0  0  0  0  0  0  0  0  0  0  0  0  0  0  0  0  0
 PSN   0  0  0  0  0  0  0  0  0  0  0  0  0  0  0  0  0  0  0  0  0  0  0
 PPL   0  0  0  0  0  0  0  0  0  0  0  0  0  0  0  0  0  0  0  0  0  0  0
 PRA   0  0  0  0  0  0  0  0  0  0  0  0  0  0  0  0  0  0  0  0  0  0  0
 S06         0     0     0     0     0     0     0     0     0     0     0
 SLV 110100100 99100110100100100100100100100 97 98100100110110110110120120
 I06         0     0     0     0     0     0     0     0     0     0     0
 CIG 260250130260290200330-88-88-88-88-88-88-88-88-88-88-88-88-88-88-88-88
 IFC   0  1  1  0  1  0  1  1  0  0  0  2  3  0  0  0  0  0  0  2  2  0  0
 LCB 230240130230240200300300180 50 42-88  0-88-88-88-88-88-88-88-88-88280
 VIS 100100100100100100100100100100100100100100100100100100100100100100100
 IFV   0  1  1  2  1  0  0  0  0  0  0  4  4  0  0  0  0  0  4  6  4  0  0
 MHT  15  5  4  4  6 24 36 37 14  5  4  4  5 34 51 43 20  5  4  3  3 35 54
 TWD   4  4  2  3  5  8  7  7  4  4  5  7  7  8  7  6  6  6  7  6  2  5  6
 TWS   9  6  7  8  7 11 13 13 11  9  8  7  7  8 12 12 10  5  5  4  5  6  8
 SOL  19  0  0  0 14 61 87 70 28  0  0  0 15 64 86 79 42  3  2  0  2 46 67
                                                                          
