 KORD    NBM V5.0 NBS GUIDANCE    7/13/2026  0700 UTC
 DT /JUL  13      /JUL  14                /JUL  15                /JUL  16
 UTC  12 15 18 21 00 03 06 09 12 15 18 21 00 03 06 09 12 15 18 21 00 03 06 
 FHR  05 08 11 14 17 20 23 26 29 32 35 38 41 44 47 50 53 56 59 62 65 68 71 
 TXN              94          74          97          76          96      
 XND               2           3           3           3           4      
 TMP  72 85 91 93 92 84 79 76 77 88 94 96 95 86 81 77 78 89 95 95 91 83 79
 TSD   2  2  2  3  3  3  3  3  2  2  3  3  4  3  3  3  2  3  4  4  5  5  4
 DPT  58 61 62 62 64 65 66 67 68 67 65 62 63 65 66 67 68 68 66 64 64 64 64
 DSD   3  3  3  3  4  3  3  3  2  3  5  5  6  4  3  3  2  3  5  5  5  5  5
 WBG  67 77 82 81 81 75 73 72 73 81 86 83 81 77 74 73 74 82 86 82 80 75 73
 SKY  10 15  4  8  6  7  5 11  8  4 14 25 11  6  4  8 10  8 11 20 27 17 13
 SSD  22 28  6  9  9  7  6 11 10  5 26 21 14  7  6  9 23 22 18 13 12 10  8
 WDR  31 32 31 30 31 24 25 28 30 33 33 35 30 27 27 28 29 32 32 36  3  4  1
 WSP   2  3  3  6  7  3  4  5  4  3  2  5  6  4  5  5  5  3  4  7  8  5  3
 WSD   2  2  2  2  2  2  2  2  1  2  3  2  2  3  2  2  1  2  2  2  2  3  3
 GST   3  4  4  6  7  4  5  5  5  4  4  6  7  4  6  5  5  4  4  8  9  6  3
 GSD   1  2  2  3  3  2  2  2  2  3  3  3  3  3  3  2  1  2  2  4  4  3  3
 P06         1     0     0     0     0     0     0     0     0     2     2
 P12               1           0           0           0           2      
 Q06         0     0     0     0     0     0     0     0     0     0     0
 Q12               0           0           0           0           0      
 DUR               0           0           0           0           0      
 T03   1  2  1  2  4  4  3  1  2  2  1  2  4  5  4  2  2  2  2  3  8 11 10
 T06         2     4     8     3     3     5     8     3     5    12    18
 T12               4           8           5           8          12      
 PZR   0  0  0  0  0  0  0  0  0  0  0  0  0  0  0  0  0  0  0  0  0  0  0
 PSN   0  0  0  0  0  0  0  0  0  0  0  0  0  0  0  0  0  0  0  0  0  0  0
 PPL   0  0  0  0  0  0  0  0  0  0  0  0  0  0  0  0  0  0  0  0  0  0  0
 PRA   0  0  0  0  0  0  0  0  0  0  0  0  0  0  0  0  0  0  0  0  0  1  0
 S06         0     0     0     0     0     0     0     0     0     0     0
 SLV 120130130130120120120130130130130130130130130130120120120120120120120
 I06         0     0     0     0     0     0     0     0     0     0     0
 CIG -88-88-88-88-88-88-88-88-88-88-88-88-88-88-88-88-88-88-88-88-88-88-88
 IFC   0  0  0  0  0  0  5  3  7  0  0  0  0  2  3  5  8  0  0  0  0  3  3
 LCB 200160230140-88-88 37 37 37-88 80-88-88100-88-88280280-88 50 44 44 44
 VIS 100100100100100100100100 90100100100100100100100 90100100100100100100
 IFV   0  0  0  0  0  0  4  8 10  1  0  0  0  1  5  5  8  0  0  0  0  0  5
 MHT   3 32 53 57 30  4  4  4  5 30 54 60 32  4  4  4  6 31 65 71 30  8  5
 TWD  29 33 33 33 31 27 26 28 30 32  1  6 30 27 28 30 31 33 31 33  2  2  1
 TWS   4  6  4  6  7  5  5  7  6  4  4  5  6  6  7  7  7  6  7  7  8  6  6
 SOL  16 60 89 72 27  0  0  0 15 65 86 74 29  1  0  0 10 42 63 83 63  3  2
                                                                          
