 KORD    NBM V5.0 NBS GUIDANCE    7/10/2026  0700 UTC
 DT /JUL  10      /JUL  11                /JUL  12                /JUL  13
 UTC  12 15 18 21 00 03 06 09 12 15 18 21 00 03 06 09 12 15 18 21 00 03 06 
 FHR  05 08 11 14 17 20 23 26 29 32 35 38 41 44 47 50 53 56 59 62 65 68 71 
 TXN              81          65          84          67          87      
 XND               2           2           2           2           3      
 TMP  71 76 79 80 77 71 68 66 68 78 82 83 81 73 70 68 70 80 85 85 83 77 73
 TSD   1  2  2  2  2  1  2  2  2  2  2  2  2  2  2  2  2  2  3  3  3  3  3
 DPT  67 66 65 61 58 57 57 57 60 62 60 56 55 57 60 61 62 60 59 56 56 58 60
 DSD   2  2  3  4  6  5  4  4  4  4  4  4  5  3  3  2  3  4  5  5  6  4  3
 WBG  69 73 77 73 70 65 64 62 65 74 77 73 71 67 65 65 67 74 78 75 73 69 67
 SKY  60 63 41 75 83 85 67 59 52 24 16  8 11  9 10 17 15  8  8 12 14  7  5
 SSD  34 27 31 25 16 15 29 23 38 27 22 10 10  9 23 26 24 13  9 11 13  8 12
 WDR   3  4  4  4  4  3  1  1  3  5  6  6  4  6  5  6  7  9  9  8  8 10 12
 WSP   6  6  8  9  9  6  5  5  5  6  9  9  8  5  3  0  0  3  6  8  8  3  3
 WSD   2  2  2  2  2  2  2  2  2  3  2  2  2  2  2  2  2  3  3  2  2  2  2
 GST   6  7 10 10 10  7  5  5  6  8 11 12  9  5  3  2  3  4  7 10  8  4  3
 GSD   2  3  3  3  3  2  2  3  2  3  3  3  3  3  3  3  2  3  3  3  3  2  2
 P06         4     5     0     1     1     0     0     0     2     2     2
 P12               7           0           1           0           3      
 Q06         0     0     0     0     0     0     0     0     0     0     0
 Q12               0           0           0           0           0      
 DUR               0           0           0           0           0      
 T03   6  4  3  6  6  2  1  1  1  1  1  1  1  1  1  1  1  1  1  1  1  1  1
 T06         6    16     5     3     2     7     5     2     2     5     6
 T12              16           5           7           5           5      
 PZR   0  0  0  0  0  0  0  0  0  0  0  0  0  0  0  0  0  0  0  0  0  0  0
 PSN   0  0  0  0  0  0  0  0  0  0  0  0  0  0  0  0  0  0  0  0  0  0  0
 PPL   0  0  0  0  0  0  0  0  0  0  0  0  0  0  0  0  0  0  0  0  0  0  0
 PRA   7  0  0  0  0  0  0  0  0  0  0  0  0  0  0  0  0  0  0  0  0  0  0
 S06         0     0     0     0     0     0     0     0     0     0     0
 SLV 120120110110110100100100110100110100100100100100100110110110110120120
 I06         0     0     0     0     0     0     0     0     0     0     0
 CIG   9 18 35 60220190150130-88-88-88-88-88-88-88-88-88-88-88-88-88-88-88
 IFC  38 11  3  2  3  5  2  4  3  2  0  1  0  2  0  2  3  0  0  0  0  0  1
 LCB   9 18 33 60190150150120130 18300-88-88-88 37  1 28-88-88-88210-88160
 VIS  80100100100100100100100100100100100100100100100100100100100100100100
 IFV   7  0  0  0  0  0  0  3  0  0  0  0  0  0  1  4  2  0  0  0  0  0  3
 MHT  10 20 35 31 13  7  4  4  6 25 41 41 16  5  4  4  3 35 62 56 24  5  4
 TWD   4  4  3  3  4  4  5  2  5  7  7  7  4  4  7  9 11 10 10  8  9 11 15
 TWS   6  6  8  9  9  7  6  7  7 10 11 11 10  7  7  5  5  6  8  8  8  5  5
 SOL   7 48 70 62 21  0  0  0 15 66 88 76 30  1  0  0 11 46 66 86 65  3  2
                                                                          
