 KORD    NBM V5.0 NBS GUIDANCE    7/12/2026  1300 UTC
 DT /JUL  12/JUL  13                /JUL  14                /JUL  15      
 UTC  18 21 00 03 06 09 12 15 18 21 00 03 06 09 12 15 18 21 00 03 06 09 12 
 FHR  05 08 11 14 17 20 23 26 29 32 35 38 41 44 47 50 53 56 59 62 65 68 71 
 TXN                    68          93          74          96          76
 XND                     3           2           3           3           3
 TMP  85 86 84 76 72 69 72 84 90 92 91 83 79 75 76 88 93 95 94 85 80 78 78
 TSD   2  2  2  3  3  3  3  3  3  3  3  3  3  3  2  3  3  4  4  3  3  3  2
 DPT  59 54 53 54 56 56 56 58 60 60 62 62 63 64 66 66 65 63 62 64 66 66 67
 DSD   3  3  4  4  3  3  3  4  4  4  4  4  4  4  3  3  4  4  5  4  3  3  3
 WBG  79 74 72 67 65 63 66 76 82 81 79 74 72 70 72 80 85 83 81 75 73 72 73
 SKY   4  6  5  6  3 15  4  4  5  8  7  5  2 10 19  7 10  9 14  9  4  3  2
 SSD   6  8  8  6  5 31  6  5  5  8  8  7  3 20 29 24 20 11 16  6  7  3  3
 WDR   6  6  6  7 26 27 28 30 31 30 31 14 21 24 26 31 32  9 12 23 25 28 28
 WSP   8  9  7  0  0  0  3  2  3  6  7  4  4  4  4  3  1  6  7  5  6  6  5
 WSD   1  1  1  2  1  2  2  3  3  2  2  3  2  2  2  2  2  2  2  3  2  2  1
 GST  11 10  7  2  1  2  3  3  4  6  7  4  4  4  4  3  3  6  7  6  7  7  6
 GSD   2  2  2  1  1  1  2  2  2  3  3  2  2  2  2  2  2  3  3  3  3  2  2
 P06         0     1     1     1     1     0     0     0     0     0     0
 P12                     1           1           1           0           0
 Q06         0     0     0     0     0     0     0     0     0     0     0
 Q12                     0           0           0           0           0
 DUR                     0           0           0           0           0
 T03   0  0  1  2  1  1  1  2  1  3  4  5  4  2  2  2  2  3  4  5  5  2  2
 T06         3     5     3     4     5     8     4     6     6     8     3
 T12                     5           5           8           6           8
 PZR   0  0  0  0  0  0  0  0  0  0  0  0  0  0  0  0  0  0  0  0  0  0  0
 PSN   0  0  0  0  0  0  0  0  0  0  0  0  0  0  0  0  0  0  0  0  0  0  0
 PPL   0  0  0  0  0  0  0  0  0  0  0  0  0  0  0  0  0  0  0  0  0  0  0
 PRA   0  0  0  0  0  0  0  0  0  0  0  0  0  0  0  0  0  0  0  0  0  0  0
 S06         0     0     0     0     0     0     0     0     0     0     0
 SLV  98100110120120120120120130130120120120120120130120120130130120120120
 I06         0     0     0     0     0     0     0     0     0     0     0
 CIG -88-88-88-88-88-88-88-88-88-88-88-88-88-88-88-88-88-88-88-88-88-88-88
 IFC   0  0  0  0  0  0  0  0  0  0  0  2  3  4  5  0  0  0  0  2  2  3  4
 LCB -88-88-88160270130200240240 80 50-88 22 22 29110130 60190 45-88 29280
 VIS 100100100100100100100100100100100100100 90100100100100100100100100100
 IFV   0  0  0  0  3  5  2  0  0  0  0  1  4 10  9  0  0  0  0  1  3  3  7
 MHT  53 47 21  4  4  3  3 30 52 59 28  4  4  4  4 36 63 68 38  5  5  5  6
 TWD   5  6  6  8 24 27 29 32 34 33 33 18 23 25 29 31  5  9 34 25 26 28 29
 TWS   9  9  7  3  3  4  4  5  4  6  7  4  4  5  5  5  4  6  7  6  7  7  8
 SOL  91 75 27  0  0  0 15 66 87 74 29  0  0  0 12 56 76 84 62  3  2  0  2
                                                                          
