 KORD    NBM V5.0 NBS GUIDANCE    7/11/2026  0100 UTC
 DT /JUL  11            /JUL  12                /JUL  13                / 
 UTC  06 09 12 15 18 21 00 03 06 09 12 15 18 21 00 03 06 09 12 15 18 21 00 
 FHR  05 08 11 14 17 20 23 26 29 32 35 38 41 44 47 50 53 56 59 62 65 68 71 
 TXN                    82          67          85          67          90
 XND                     1           1           2           2           3
 TMP  69 68 70 78 81 81 79 73 70 68 70 79 84 84 82 74 70 68 70 82 88 89 87
 TSD   1  2  2  2  2  2  2  1  1  2  1  1  2  2  2  2  2  2  2  2  3  3  4
 DPT  59 59 62 65 63 59 58 58 60 62 63 60 56 52 51 53 56 57 58 58 58 55 56
 DSD   2  3  3  2  3  3  3  2  3  3  3  4  6  7  6  4  3  3  3  5  7  7  8
 WBG  65 64 67 74 77 73 71 66 65 65 68 74 77 73 71 66 64 63 65 75 80 77 75
 SKY  74 82 64 71 51 33 18 20  7 11 16  2  3  7 10  5  2  2  3  4  2  3  5
 SSD  33 21 26 27 34 33 27 14  9  9 25  3  4  5  7  6  4  2  3  6  3  5  6
 WDR   2  1  3  6  5  5  3  3  3  4  4  6  6  6  6  7 12 31 31 33  5  6  8
 WSP   5  6  6  9 11 12 11  8  6  4  3  5  9 10  8  0  0  0  3  3  5  7  7
 WSD   2  2  2  2  1  2  2  2  2  2  2  3  2  2  2  3  2  2  2  3  3  2  2
 GST   6  6  7 11 16 16 14 10  7  4  3  6 11 12  8  2  1  2  3  3  5  9  8
 GSD   2  2  2  3  3  3  4  4  3  2  2  3  3  3  3  2  2  2  2  3  4  3  3
 P06         1     1     0     0     0     0     0     0     0     0     0
 P12                     1           0           0           0           0
 Q06         0     0     0     0     0     0     0     0     0     0     0
 Q12                     0           0           0           0           0
 DUR                     0           0           0           0           0
 T03   1  0  1  2  1  1  1  1  0  0  0  0  0  0  0  1  1  0  1  2  2  3  5
 T06         2     3     7     3     0     1     2     4     3     4     7
 T12                     7           3           2           4           7
 PZR   0  0  0  0  0  0  0  0  0  0  0  0  0  0  0  0  0  0  0  0  0  0  0
 PSN   0  0  0  0  0  0  0  0  0  0  0  0  0  0  0  0  0  0  0  0  0  0  0
 PPL   0  0  0  0  0  0  0  0  0  0  0  0  0  0  0  0  0  0  0  0  0  0  0
 PRA   0  0  0 12  0  0  0  0  0  0  0  0  0  0  0  0  0  0  0  0  0  0  0
 S06         0     0     0     0     0     0     0     0     0     0     0
 SLV 100 99100110100100100100100100100 96 97100100110110120120120120120120
 I06         0     0     0     0     0     0     0     0     0     0     0
 CIG 200130130130-88-88-88-88-88-88-88-88-88-88-88-88-88-88-88-88-88-88-88
 IFC   1  1  0  1  1  1  0  0  0  0  0  0  0  0  0  0  2  3  2  0  0  0  0
 LCB 190130130 90220150 60 46 42-88  8-88-88-88-88-88-88240220-88240-88-88
 VIS 100100100100100100100100100100100100100100100100100100100100100100100
 IFV   3  3  2  0  0  0  0  0  0  0  1  0  0  0  0  1  4  5  4  0  0  0  0
 MHT   5  4  6 25 37 39 16  5  4  4  5 32 52 46 19  4  4  4  3 31 52 52 27
 TWD   2  2  4  7  6  7  3  4  4  7  7  6  6  5  6  6 14 30 30 33  3  4 35
 TWS   6  8  7 11 14 15 12  8  8  6  5  7 11 10  8  5  3  4  6  6  6  7  8
 SOL   0  0 12 56 89 75 30  0  0  0 13 66 89 77 34  2  0  0  2 46 66 84 64
                                                                          
